  1.01051E-03 
  1.83838E-03 
  3.90530E-03 
  4.83214E-03 
  5.32944E-03 
  4.74772E-03 
  4.96854E-03 
  4.12839E-03 
  4.20528E-03 
  4.59195E-03 
  4.59608E-03 
  4.66084E-03 
  4.49780E-03 
  4.54125E-03 
  4.41923E-03 
  4.41936E-03 
  4.46624E-03 
  4.44412E-03 
  4.52495E-03 
  4.50336E-03 
  4.51505E-03 
  4.48528E-03 
  4.46413E-03 
  4.48480E-03 
  4.48229E-03 
  4.50563E-03 
  4.48920E-03 
  4.48738E-03 
  4.48432E-03 
  4.47058E-03 
  4.48171E-03 
  4.48270E-03 
  4.48359E-03 
  4.47768E-03 
  4.47694E-03 
  4.47990E-03 
  4.47584E-03 
  4.47947E-03 
  4.48041E-03 
  4.47961E-03 
  4.47905E-03 
  4.47897E-03 
  4.47964E-03 
  4.47813E-03 
  4.47901E-03 
  4.47935E-03 
  4.47901E-03 
  4.47927E-03 
  4.47915E-03 
  4.47916E-03 
