  6.99800E-04   6.57011E-04   7.44939E-04   7.46235E-04   8.53940E-04   8.84031E-04   1.00772E-03   1.06273E-03   1.19840E-03   1.27362E-03   1.41634E-03   1.50698E-03   1.65241E-03   1.75389E-03   1.89827E-03   2.00633E-03   2.14637E-03   2.25655E-03   2.38889E-03   2.49496E-03   2.61241E-03   2.70597E-03   2.80112E-03   2.86584E-03   2.91075E-03   2.91370E-03   2.88420E-03   2.80204E-03   2.65875E-03   2.43411E-03   2.13327E-03   1.76673E-03   1.35635E-03   9.23752E-04   5.08363E-04   1.74170E-04   8.15698E-06   9.78904E-05   5.06208E-04   1.25435E-03   2.32043E-03   3.65149E-03   5.18002E-03   6.83829E-03   8.56619E-03   1.03140E-02   1.20423E-02   1.37214E-02   1.53296E-02   1.68525E-02   1.82814E-02   1.96114E-02   2.08408E-02   2.19689E-02   2.29960E-02   2.39227E-02   2.47490E-02   2.54749E-02   2.60997E-02   2.66227E-02   2.70428E-02   2.73591E-02   2.75705E-02   2.76764E-02   2.76764E-02   2.75705E-02   2.73591E-02   2.70428E-02   2.66227E-02   2.60997E-02   2.54749E-02   2.47490E-02   2.39227E-02   2.29960E-02   2.19689E-02   2.08408E-02   1.96114E-02   1.82814E-02   1.68525E-02   1.53296E-02   1.37214E-02   1.20423E-02   1.03140E-02   8.56619E-03   6.83829E-03   5.18002E-03   3.65149E-03   2.32043E-03   1.25435E-03   5.06208E-04   9.78904E-05   8.15698E-06   1.74170E-04   5.08363E-04   9.23752E-04   1.35635E-03   1.76673E-03   2.13327E-03   2.43411E-03   2.65875E-03   2.80204E-03   2.88420E-03   2.91370E-03   2.91075E-03   2.86584E-03   2.80112E-03   2.70597E-03   2.61241E-03   2.49496E-03   2.38889E-03   2.25655E-03   2.14637E-03   2.00633E-03   1.89827E-03   1.75389E-03   1.65241E-03   1.50698E-03   1.41634E-03   1.27362E-03   1.19840E-03   1.06273E-03   1.00772E-03   8.84031E-04   8.53940E-04   7.46235E-04   7.44939E-04   6.57011E-04   6.99800E-04
  8.65901E-04   7.42186E-04   7.66704E-04   6.66453E-04   6.92437E-04   6.26763E-04   6.66752E-04   6.31803E-04   6.86899E-04   6.75536E-04   7.38724E-04   7.39918E-04   8.02431E-04   8.06832E-04   8.61806E-04   8.64167E-04   9.09281E-04   9.09541E-04   9.47582E-04   9.50540E-04   9.88666E-04   1.00278E-03   1.05120E-03   1.08721E-03   1.15788E-03   1.22755E-03   1.33301E-03   1.44800E-03   1.60010E-03   1.77061E-03   1.97902E-03   2.21220E-03   2.48270E-03   2.78119E-03   3.11447E-03   3.47573E-03   3.86762E-03   4.28549E-03   4.73007E-03   5.19964E-03   5.69577E-03   6.22134E-03   6.78194E-03   7.38741E-03   8.05067E-03   8.79092E-03   9.62932E-03   1.05899E-02   1.16906E-02   1.29422E-02   1.43399E-02   1.58688E-02   1.75029E-02   1.92190E-02   2.09955E-02   2.28165E-02   2.46569E-02   2.64791E-02   2.82236E-02   2.98209E-02   3.11966E-02   3.22867E-02   3.30405E-02   3.34255E-02   3.34255E-02   3.30405E-02   3.22867E-02   3.11966E-02   2.98209E-02   2.82236E-02   2.64791E-02   2.46569E-02   2.28165E-02   2.09955E-02   1.92190E-02   1.75029E-02   1.58688E-02   1.43399E-02   1.29422E-02   1.16906E-02   1.05899E-02   9.62932E-03   8.79092E-03   8.05067E-03   7.38741E-03   6.78194E-03   6.22134E-03   5.69577E-03   5.19964E-03   4.73007E-03   4.28549E-03   3.86762E-03   3.47573E-03   3.11447E-03   2.78119E-03   2.48270E-03   2.21220E-03   1.97902E-03   1.77061E-03   1.60010E-03   1.44800E-03   1.33301E-03   1.22755E-03   1.15788E-03   1.08721E-03   1.05120E-03   1.00278E-03   9.88666E-04   9.50540E-04   9.47582E-04   9.09541E-04   9.09281E-04   8.64167E-04   8.61806E-04   8.06832E-04   8.02431E-04   7.39918E-04   7.38724E-04   6.75536E-04   6.86899E-04   6.31803E-04   6.66752E-04   6.26763E-04   6.92437E-04   6.66453E-04   7.66704E-04   7.42186E-04   8.65901E-04
  6.83328E-04   6.83465E-04   8.44939E-04   9.34333E-04   1.05026E-03   1.07374E-03   1.24602E-03   1.37048E-03   1.48668E-03   1.47060E-03   1.58249E-03   1.65668E-03   1.72038E-03   1.63686E-03   1.63354E-03   1.63336E-03   1.68938E-03   1.66347E-03   1.72816E-03   1.84995E-03   2.07532E-03   2.24174E-03   2.46144E-03   2.71540E-03   3.08219E-03   3.42998E-03   3.84034E-03   4.27327E-03   4.79813E-03   5.30962E-03   5.86928E-03   6.42400E-03   7.03257E-03   7.63026E-03   8.25851E-03   8.84652E-03   9.41569E-03   9.93705E-03   1.04678E-02   1.09682E-02   1.14242E-02   1.17921E-02   1.21181E-02   1.24246E-02   1.27310E-02   1.29936E-02   1.32058E-02   1.33862E-02   1.35939E-02   1.38417E-02   1.41120E-02   1.43726E-02   1.46416E-02   1.49500E-02   1.53117E-02   1.56921E-02   1.60598E-02   1.64062E-02   1.67451E-02   1.70691E-02   1.73534E-02   1.75698E-02   1.77108E-02   1.77790E-02   1.77790E-02   1.77108E-02   1.75698E-02   1.73534E-02   1.70691E-02   1.67451E-02   1.64062E-02   1.60598E-02   1.56921E-02   1.53117E-02   1.49500E-02   1.46416E-02   1.43726E-02   1.41120E-02   1.38417E-02   1.35939E-02   1.33862E-02   1.32058E-02   1.29936E-02   1.27310E-02   1.24246E-02   1.21181E-02   1.17921E-02   1.14242E-02   1.09682E-02   1.04678E-02   9.93705E-03   9.41569E-03   8.84652E-03   8.25851E-03   7.63026E-03   7.03257E-03   6.42400E-03   5.86928E-03   5.30962E-03   4.79813E-03   4.27327E-03   3.84034E-03   3.42998E-03   3.08219E-03   2.71540E-03   2.46144E-03   2.24174E-03   2.07532E-03   1.84995E-03   1.72816E-03   1.66347E-03   1.68938E-03   1.63336E-03   1.63354E-03   1.63686E-03   1.72038E-03   1.65668E-03   1.58249E-03   1.47060E-03   1.48668E-03   1.37048E-03   1.24602E-03   1.07374E-03   1.05026E-03   9.34333E-04   8.44939E-04   6.83465E-04   6.83328E-04
  5.21176E-04   5.75098E-04   7.14462E-04   7.54902E-04   8.71939E-04   9.88907E-04   1.20888E-03   1.37346E-03   1.54514E-03   1.70243E-03   1.95896E-03   2.21999E-03   2.51567E-03   2.75419E-03   3.04572E-03   3.32585E-03   3.67671E-03   4.00390E-03   4.36302E-03   4.64500E-03   4.93265E-03   5.18496E-03   5.53299E-03   5.87093E-03   6.20680E-03   6.40164E-03   6.58561E-03   6.77629E-03   7.08522E-03   7.36624E-03   7.58940E-03   7.67393E-03   7.77864E-03   7.94684E-03   8.24339E-03   8.52961E-03   8.76193E-03   8.88466E-03   9.01603E-03   9.20730E-03   9.51916E-03   9.86805E-03   1.02126E-02   1.04865E-02   1.07365E-02   1.09867E-02   1.13008E-02   1.16622E-02   1.20641E-02   1.24494E-02   1.28053E-02   1.31074E-02   1.33813E-02   1.36389E-02   1.39238E-02   1.42483E-02   1.46038E-02   1.49070E-02   1.50806E-02   1.51181E-02   1.51363E-02   1.52570E-02   1.54867E-02   1.56790E-02   1.56790E-02   1.54867E-02   1.52570E-02   1.51363E-02   1.51181E-02   1.50806E-02   1.49070E-02   1.46038E-02   1.42483E-02   1.39238E-02   1.36389E-02   1.33813E-02   1.31074E-02   1.28053E-02   1.24494E-02   1.20641E-02   1.16622E-02   1.13008E-02   1.09867E-02   1.07365E-02   1.04865E-02   1.02126E-02   9.86805E-03   9.51916E-03   9.20730E-03   9.01603E-03   8.88466E-03   8.76193E-03   8.52961E-03   8.24339E-03   7.94684E-03   7.77864E-03   7.67393E-03   7.58940E-03   7.36624E-03   7.08522E-03   6.77629E-03   6.58561E-03   6.40164E-03   6.20680E-03   5.87093E-03   5.53299E-03   5.18496E-03   4.93265E-03   4.64500E-03   4.36302E-03   4.00390E-03   3.67671E-03   3.32585E-03   3.04572E-03   2.75419E-03   2.51567E-03   2.21999E-03   1.95896E-03   1.70243E-03   1.54514E-03   1.37346E-03   1.20888E-03   9.88907E-04   8.71939E-04   7.54902E-04   7.14462E-04   5.75098E-04   5.21176E-04
  1.24044E-03   1.22892E-03   1.51020E-03   1.61900E-03   1.73035E-03   1.63916E-03   1.82074E-03   1.96598E-03   2.19127E-03   2.24839E-03   2.35465E-03   2.42322E-03   2.58627E-03   2.67522E-03   2.80900E-03   2.91090E-03   3.09749E-03   3.26221E-03   3.45861E-03   3.61561E-03   3.82724E-03   4.05646E-03   4.34784E-03   4.61863E-03   4.89484E-03   5.14386E-03   5.44677E-03   5.79134E-03   6.21688E-03   6.64324E-03   7.06184E-03   7.40584E-03   7.72804E-03   8.03866E-03   8.42049E-03   8.85913E-03   9.36365E-03   9.84832E-03   1.02849E-02   1.06125E-02   1.08750E-02   1.10991E-02   1.13750E-02   1.17087E-02   1.21022E-02   1.24643E-02   1.27467E-02   1.29017E-02   1.29839E-02   1.30472E-02   1.31672E-02   1.33401E-02   1.35443E-02   1.37153E-02   1.38322E-02   1.38853E-02   1.39080E-02   1.39192E-02   1.39444E-02   1.39830E-02   1.40373E-02   1.40953E-02   1.41478E-02   1.41789E-02   1.41789E-02   1.41478E-02   1.40953E-02   1.40373E-02   1.39830E-02   1.39444E-02   1.39192E-02   1.39080E-02   1.38853E-02   1.38322E-02   1.37153E-02   1.35443E-02   1.33401E-02   1.31672E-02   1.30472E-02   1.29839E-02   1.29017E-02   1.27467E-02   1.24643E-02   1.21022E-02   1.17087E-02   1.13750E-02   1.10991E-02   1.08750E-02   1.06125E-02   1.02849E-02   9.84832E-03   9.36365E-03   8.85913E-03   8.42049E-03   8.03866E-03   7.72804E-03   7.40584E-03   7.06184E-03   6.64324E-03   6.21688E-03   5.79134E-03   5.44677E-03   5.14386E-03   4.89484E-03   4.61863E-03   4.34784E-03   4.05646E-03   3.82724E-03   3.61561E-03   3.45861E-03   3.26221E-03   3.09749E-03   2.91090E-03   2.80900E-03   2.67522E-03   2.58627E-03   2.42322E-03   2.35465E-03   2.24839E-03   2.19127E-03   1.96598E-03   1.82074E-03   1.63916E-03   1.73035E-03   1.61900E-03   1.51020E-03   1.22892E-03   1.24044E-03
  9.38639E-04   9.33570E-04   1.11313E-03   1.17241E-03   1.33715E-03   1.34546E-03   1.48723E-03   1.57893E-03   1.76416E-03   1.85018E-03   2.03153E-03   2.19163E-03   2.41625E-03   2.57107E-03   2.75376E-03   2.90834E-03   3.12993E-03   3.36488E-03   3.67572E-03   3.96910E-03   4.25223E-03   4.47300E-03   4.71893E-03   4.97678E-03   5.29308E-03   5.62514E-03   6.00593E-03   6.37100E-03   6.73773E-03   7.06605E-03   7.39698E-03   7.69429E-03   7.99271E-03   8.27349E-03   8.58711E-03   8.90785E-03   9.25460E-03   9.57990E-03   9.90632E-03   1.02116E-02   1.05292E-02   1.08331E-02   1.11423E-02   1.14327E-02   1.17257E-02   1.20021E-02   1.22830E-02   1.25556E-02   1.28362E-02   1.30951E-02   1.33233E-02   1.34911E-02   1.36160E-02   1.37103E-02   1.38099E-02   1.39176E-02   1.40368E-02   1.41450E-02   1.42317E-02   1.42819E-02   1.43006E-02   1.42942E-02   1.42799E-02   1.42689E-02   1.42689E-02   1.42799E-02   1.42942E-02   1.43006E-02   1.42819E-02   1.42317E-02   1.41450E-02   1.40368E-02   1.39176E-02   1.38099E-02   1.37103E-02   1.36160E-02   1.34911E-02   1.33233E-02   1.30951E-02   1.28362E-02   1.25556E-02   1.22830E-02   1.20021E-02   1.17257E-02   1.14327E-02   1.11423E-02   1.08331E-02   1.05292E-02   1.02116E-02   9.90632E-03   9.57990E-03   9.25460E-03   8.90785E-03   8.58711E-03   8.27349E-03   7.99271E-03   7.69429E-03   7.39698E-03   7.06605E-03   6.73773E-03   6.37100E-03   6.00593E-03   5.62514E-03   5.29308E-03   4.97678E-03   4.71893E-03   4.47300E-03   4.25223E-03   3.96910E-03   3.67572E-03   3.36488E-03   3.12993E-03   2.90834E-03   2.75376E-03   2.57107E-03   2.41625E-03   2.19163E-03   2.03153E-03   1.85018E-03   1.76416E-03   1.57893E-03   1.48723E-03   1.34546E-03   1.33715E-03   1.17241E-03   1.11313E-03   9.33570E-04   9.38639E-04
  1.00389E-03   9.65307E-04   1.15434E-03   1.24155E-03   1.40620E-03   1.43527E-03   1.63389E-03   1.71062E-03   1.85955E-03   1.96341E-03   2.15592E-03   2.30118E-03   2.52980E-03   2.74224E-03   2.98277E-03   3.15536E-03   3.33151E-03   3.48121E-03   3.68926E-03   3.91808E-03   4.17703E-03   4.40991E-03   4.66114E-03   4.91579E-03   5.18860E-03   5.44588E-03   5.71979E-03   6.00167E-03   6.31246E-03   6.61677E-03   6.93391E-03   7.24370E-03   7.57103E-03   7.88859E-03   8.21734E-03   8.53898E-03   8.87937E-03   9.21254E-03   9.54913E-03   9.86050E-03   1.01672E-02   1.04555E-02   1.07503E-02   1.10380E-02   1.13401E-02   1.16388E-02   1.19451E-02   1.22389E-02   1.25448E-02   1.28624E-02   1.32037E-02   1.35241E-02   1.37980E-02   1.40067E-02   1.41890E-02   1.43667E-02   1.45515E-02   1.47192E-02   1.48679E-02   1.49974E-02   1.51122E-02   1.51941E-02   1.52359E-02   1.52470E-02   1.52470E-02   1.52359E-02   1.51941E-02   1.51122E-02   1.49974E-02   1.48679E-02   1.47192E-02   1.45515E-02   1.43667E-02   1.41890E-02   1.40067E-02   1.37980E-02   1.35241E-02   1.32037E-02   1.28624E-02   1.25448E-02   1.22389E-02   1.19451E-02   1.16388E-02   1.13401E-02   1.10380E-02   1.07503E-02   1.04555E-02   1.01672E-02   9.86050E-03   9.54913E-03   9.21254E-03   8.87937E-03   8.53898E-03   8.21734E-03   7.88859E-03   7.57103E-03   7.24370E-03   6.93391E-03   6.61677E-03   6.31246E-03   6.00167E-03   5.71979E-03   5.44588E-03   5.18860E-03   4.91579E-03   4.66114E-03   4.40991E-03   4.17703E-03   3.91808E-03   3.68926E-03   3.48121E-03   3.33151E-03   3.15536E-03   2.98277E-03   2.74224E-03   2.52980E-03   2.30118E-03   2.15592E-03   1.96341E-03   1.85955E-03   1.71062E-03   1.63389E-03   1.43527E-03   1.40620E-03   1.24155E-03   1.15434E-03   9.65307E-04   1.00389E-03
  1.17046E-03   1.12380E-03   1.25857E-03   1.22644E-03   1.42554E-03   1.49562E-03   1.66430E-03   1.76703E-03   1.89340E-03   1.91869E-03   2.09735E-03   2.23910E-03   2.43164E-03   2.59858E-03   2.81770E-03   2.99855E-03   3.21108E-03   3.40326E-03   3.60491E-03   3.77240E-03   3.97485E-03   4.19925E-03   4.46471E-03   4.72245E-03   4.99284E-03   5.25984E-03   5.54583E-03   5.82847E-03   6.12400E-03   6.42195E-03   6.74223E-03   7.06805E-03   7.40630E-03   7.73533E-03   8.07392E-03   8.41365E-03   8.77644E-03   9.13900E-03   9.50533E-03   9.84773E-03   1.01795E-02   1.04864E-02   1.07869E-02   1.10706E-02   1.13611E-02   1.16557E-02   1.19720E-02   1.22903E-02   1.26075E-02   1.29050E-02   1.31996E-02   1.34971E-02   1.38131E-02   1.41270E-02   1.44192E-02   1.46594E-02   1.48508E-02   1.50058E-02   1.51532E-02   1.52994E-02   1.54402E-02   1.55552E-02   1.56334E-02   1.56708E-02   1.56708E-02   1.56334E-02   1.55552E-02   1.54402E-02   1.52994E-02   1.51532E-02   1.50058E-02   1.48508E-02   1.46594E-02   1.44192E-02   1.41270E-02   1.38131E-02   1.34971E-02   1.31996E-02   1.29050E-02   1.26075E-02   1.22903E-02   1.19720E-02   1.16557E-02   1.13611E-02   1.10706E-02   1.07869E-02   1.04864E-02   1.01795E-02   9.84773E-03   9.50533E-03   9.13900E-03   8.77644E-03   8.41365E-03   8.07392E-03   7.73533E-03   7.40630E-03   7.06805E-03   6.74223E-03   6.42195E-03   6.12400E-03   5.82847E-03   5.54583E-03   5.25984E-03   4.99284E-03   4.72245E-03   4.46471E-03   4.19925E-03   3.97485E-03   3.77240E-03   3.60491E-03   3.40326E-03   3.21108E-03   2.99855E-03   2.81770E-03   2.59858E-03   2.43164E-03   2.23910E-03   2.09735E-03   1.91869E-03   1.89340E-03   1.76703E-03   1.66430E-03   1.49562E-03   1.42554E-03   1.22644E-03   1.25857E-03   1.12380E-03   1.17046E-03
  1.31747E-03   1.24064E-03   1.39492E-03   1.37769E-03   1.54181E-03   1.56110E-03   1.70066E-03   1.76369E-03   1.92425E-03   1.99231E-03   2.15853E-03   2.25436E-03   2.41027E-03   2.55084E-03   2.76659E-03   2.95771E-03   3.16465E-03   3.36691E-03   3.61392E-03   3.84445E-03   4.07793E-03   4.30023E-03   4.55399E-03   4.82377E-03   5.12218E-03   5.42962E-03   5.75764E-03   6.08394E-03   6.41336E-03   6.73234E-03   7.06322E-03   7.40112E-03   7.75757E-03   8.11715E-03   8.49233E-03   8.87133E-03   9.25888E-03   9.63037E-03   9.98960E-03   1.03233E-02   1.06487E-02   1.09569E-02   1.12618E-02   1.15469E-02   1.18174E-02   1.20533E-02   1.22645E-02   1.24474E-02   1.26282E-02   1.28115E-02   1.30124E-02   1.32147E-02   1.34139E-02   1.35941E-02   1.37635E-02   1.39207E-02   1.40732E-02   1.42124E-02   1.43389E-02   1.44470E-02   1.45381E-02   1.46066E-02   1.46520E-02   1.46734E-02   1.46734E-02   1.46520E-02   1.46066E-02   1.45381E-02   1.44470E-02   1.43389E-02   1.42124E-02   1.40732E-02   1.39207E-02   1.37635E-02   1.35941E-02   1.34139E-02   1.32147E-02   1.30124E-02   1.28115E-02   1.26282E-02   1.24474E-02   1.22645E-02   1.20533E-02   1.18174E-02   1.15469E-02   1.12618E-02   1.09569E-02   1.06487E-02   1.03233E-02   9.98960E-03   9.63037E-03   9.25888E-03   8.87133E-03   8.49233E-03   8.11715E-03   7.75757E-03   7.40112E-03   7.06322E-03   6.73234E-03   6.41336E-03   6.08394E-03   5.75764E-03   5.42962E-03   5.12218E-03   4.82377E-03   4.55399E-03   4.30023E-03   4.07793E-03   3.84445E-03   3.61392E-03   3.36691E-03   3.16465E-03   2.95771E-03   2.76659E-03   2.55084E-03   2.41027E-03   2.25436E-03   2.15853E-03   1.99231E-03   1.92425E-03   1.76369E-03   1.70066E-03   1.56110E-03   1.54181E-03   1.37769E-03   1.39492E-03   1.24064E-03   1.31747E-03
  1.26088E-03   1.19736E-03   1.33791E-03   1.31687E-03   1.48119E-03   1.49902E-03   1.64146E-03   1.69949E-03   1.84879E-03   1.92889E-03   2.07198E-03   2.14675E-03   2.27491E-03   2.39474E-03   2.57558E-03   2.75102E-03   2.95772E-03   3.15249E-03   3.36270E-03   3.57606E-03   3.81650E-03   4.06362E-03   4.31729E-03   4.56848E-03   4.83308E-03   5.10702E-03   5.39646E-03   5.69056E-03   5.99257E-03   6.29537E-03   6.60898E-03   6.92756E-03   7.25889E-03   7.59529E-03   7.95040E-03   8.32496E-03   8.73294E-03   9.16248E-03   9.61108E-03   1.00583E-02   1.05050E-02   1.09356E-02   1.13525E-02   1.17372E-02   1.20920E-02   1.24049E-02   1.26910E-02   1.29518E-02   1.32052E-02   1.34414E-02   1.36605E-02   1.38484E-02   1.40170E-02   1.41702E-02   1.43243E-02   1.44745E-02   1.46222E-02   1.47554E-02   1.48700E-02   1.49552E-02   1.50129E-02   1.50462E-02   1.50652E-02   1.50737E-02   1.50737E-02   1.50652E-02   1.50462E-02   1.50129E-02   1.49552E-02   1.48700E-02   1.47554E-02   1.46222E-02   1.44745E-02   1.43243E-02   1.41702E-02   1.40170E-02   1.38484E-02   1.36605E-02   1.34414E-02   1.32052E-02   1.29518E-02   1.26910E-02   1.24049E-02   1.20920E-02   1.17372E-02   1.13525E-02   1.09356E-02   1.05050E-02   1.00583E-02   9.61108E-03   9.16248E-03   8.73294E-03   8.32496E-03   7.95040E-03   7.59529E-03   7.25889E-03   6.92756E-03   6.60898E-03   6.29537E-03   5.99257E-03   5.69056E-03   5.39646E-03   5.10702E-03   4.83308E-03   4.56848E-03   4.31729E-03   4.06362E-03   3.81650E-03   3.57606E-03   3.36270E-03   3.15249E-03   2.95772E-03   2.75102E-03   2.57558E-03   2.39474E-03   2.27491E-03   2.14675E-03   2.07198E-03   1.92889E-03   1.84879E-03   1.69949E-03   1.64146E-03   1.49902E-03   1.48119E-03   1.31687E-03   1.33791E-03   1.19736E-03   1.26088E-03
  1.19191E-03   1.12831E-03   1.29166E-03   1.30831E-03   1.46089E-03   1.46587E-03   1.59343E-03   1.63807E-03   1.77090E-03   1.85784E-03   2.02286E-03   2.11347E-03   2.25192E-03   2.35472E-03   2.49279E-03   2.63913E-03   2.81391E-03   2.99008E-03   3.19256E-03   3.39923E-03   3.62390E-03   3.86462E-03   4.13254E-03   4.41991E-03   4.72149E-03   5.03117E-03   5.35000E-03   5.68144E-03   6.02865E-03   6.38429E-03   6.74263E-03   7.09411E-03   7.43977E-03   7.77470E-03   8.10254E-03   8.41979E-03   8.73725E-03   9.05958E-03   9.40233E-03   9.76485E-03   1.01516E-02   1.05520E-02   1.09677E-02   1.13884E-02   1.18143E-02   1.22288E-02   1.26263E-02   1.29899E-02   1.33202E-02   1.36089E-02   1.38642E-02   1.40842E-02   1.42819E-02   1.44578E-02   1.46213E-02   1.47686E-02   1.49044E-02   1.50256E-02   1.51346E-02   1.52232E-02   1.52852E-02   1.53142E-02   1.53189E-02   1.53143E-02   1.53143E-02   1.53189E-02   1.53142E-02   1.52852E-02   1.52232E-02   1.51346E-02   1.50256E-02   1.49044E-02   1.47686E-02   1.46213E-02   1.44578E-02   1.42819E-02   1.40842E-02   1.38642E-02   1.36089E-02   1.33202E-02   1.29899E-02   1.26263E-02   1.22288E-02   1.18143E-02   1.13884E-02   1.09677E-02   1.05520E-02   1.01516E-02   9.76485E-03   9.40233E-03   9.05958E-03   8.73725E-03   8.41979E-03   8.10254E-03   7.77470E-03   7.43977E-03   7.09411E-03   6.74263E-03   6.38429E-03   6.02865E-03   5.68144E-03   5.35000E-03   5.03117E-03   4.72149E-03   4.41991E-03   4.13254E-03   3.86462E-03   3.62390E-03   3.39923E-03   3.19256E-03   2.99008E-03   2.81391E-03   2.63913E-03   2.49279E-03   2.35472E-03   2.25192E-03   2.11347E-03   2.02286E-03   1.85784E-03   1.77090E-03   1.63807E-03   1.59343E-03   1.46587E-03   1.46089E-03   1.30831E-03   1.29166E-03   1.12831E-03   1.19191E-03
  1.15486E-03   1.11078E-03   1.27884E-03   1.28873E-03   1.43292E-03   1.44501E-03   1.56723E-03   1.60910E-03   1.75842E-03   1.83634E-03   1.98209E-03   2.09577E-03   2.26194E-03   2.39182E-03   2.53548E-03   2.66662E-03   2.83911E-03   3.02095E-03   3.23121E-03   3.45100E-03   3.68894E-03   3.94042E-03   4.20906E-03   4.49445E-03   4.79614E-03   5.11628E-03   5.45102E-03   5.80007E-03   6.15802E-03   6.52870E-03   6.90915E-03   7.29680E-03   7.68124E-03   8.05409E-03   8.41005E-03   8.74268E-03   9.05272E-03   9.33907E-03   9.61357E-03   9.88300E-03   1.01635E-02   1.04597E-02   1.07807E-02   1.11210E-02   1.14814E-02   1.18514E-02   1.22277E-02   1.25952E-02   1.29476E-02   1.32744E-02   1.35790E-02   1.38590E-02   1.41182E-02   1.43503E-02   1.45575E-02   1.47369E-02   1.48949E-02   1.50307E-02   1.51479E-02   1.52423E-02   1.53138E-02   1.53602E-02   1.53862E-02   1.53967E-02   1.53967E-02   1.53862E-02   1.53602E-02   1.53138E-02   1.52423E-02   1.51479E-02   1.50307E-02   1.48949E-02   1.47369E-02   1.45575E-02   1.43503E-02   1.41182E-02   1.38590E-02   1.35790E-02   1.32744E-02   1.29476E-02   1.25952E-02   1.22277E-02   1.18514E-02   1.14814E-02   1.11210E-02   1.07807E-02   1.04597E-02   1.01635E-02   9.88300E-03   9.61357E-03   9.33907E-03   9.05272E-03   8.74268E-03   8.41005E-03   8.05409E-03   7.68124E-03   7.29680E-03   6.90915E-03   6.52870E-03   6.15802E-03   5.80007E-03   5.45102E-03   5.11628E-03   4.79614E-03   4.49445E-03   4.20906E-03   3.94042E-03   3.68894E-03   3.45100E-03   3.23121E-03   3.02095E-03   2.83911E-03   2.66662E-03   2.53548E-03   2.39182E-03   2.26194E-03   2.09577E-03   1.98209E-03   1.83634E-03   1.75842E-03   1.60910E-03   1.56723E-03   1.44501E-03   1.43292E-03   1.28873E-03   1.27884E-03   1.11078E-03   1.15486E-03
  1.18759E-03   1.14392E-03   1.31154E-03   1.31390E-03   1.45577E-03   1.47095E-03   1.60186E-03   1.65012E-03   1.80088E-03   1.88226E-03   2.03107E-03   2.15104E-03   2.33182E-03   2.48011E-03   2.64524E-03   2.78498E-03   2.95128E-03   3.12289E-03   3.32559E-03   3.53953E-03   3.77016E-03   4.01156E-03   4.26543E-03   4.53248E-03   4.80941E-03   5.10353E-03   5.41267E-03   5.74452E-03   6.09166E-03   6.45714E-03   6.83259E-03   7.21803E-03   7.60490E-03   7.99226E-03   8.37449E-03   8.75048E-03   9.11520E-03   9.46449E-03   9.79462E-03   1.01008E-02   1.03853E-02   1.06507E-02   1.09112E-02   1.11746E-02   1.14523E-02   1.17424E-02   1.20456E-02   1.23530E-02   1.26634E-02   1.29713E-02   1.32800E-02   1.35854E-02   1.38857E-02   1.41700E-02   1.44324E-02   1.46643E-02   1.48639E-02   1.50274E-02   1.51586E-02   1.52613E-02   1.53438E-02   1.54091E-02   1.54570E-02   1.54827E-02   1.54827E-02   1.54570E-02   1.54091E-02   1.53438E-02   1.52613E-02   1.51586E-02   1.50274E-02   1.48639E-02   1.46643E-02   1.44324E-02   1.41700E-02   1.38857E-02   1.35854E-02   1.32800E-02   1.29713E-02   1.26634E-02   1.23530E-02   1.20456E-02   1.17424E-02   1.14523E-02   1.11746E-02   1.09112E-02   1.06507E-02   1.03853E-02   1.01008E-02   9.79462E-03   9.46449E-03   9.11520E-03   8.75048E-03   8.37449E-03   7.99226E-03   7.60490E-03   7.21803E-03   6.83259E-03   6.45714E-03   6.09166E-03   5.74452E-03   5.41267E-03   5.10353E-03   4.80941E-03   4.53248E-03   4.26543E-03   4.01156E-03   3.77016E-03   3.53953E-03   3.32559E-03   3.12289E-03   2.95128E-03   2.78498E-03   2.64524E-03   2.48011E-03   2.33182E-03   2.15104E-03   2.03107E-03   1.88226E-03   1.80088E-03   1.65012E-03   1.60186E-03   1.47095E-03   1.45577E-03   1.31390E-03   1.31154E-03   1.14392E-03   1.18759E-03
  1.19862E-03   1.17423E-03   1.35642E-03   1.35528E-03   1.49727E-03   1.51449E-03   1.64051E-03   1.68540E-03   1.83715E-03   1.92732E-03   2.08545E-03   2.20314E-03   2.37236E-03   2.52265E-03   2.70804E-03   2.86359E-03   3.03161E-03   3.20051E-03   3.39505E-03   3.59908E-03   3.81956E-03   4.05077E-03   4.29237E-03   4.54467E-03   4.80471E-03   5.07919E-03   5.36445E-03   5.66988E-03   5.99194E-03   6.33726E-03   6.69730E-03   7.07496E-03   7.46310E-03   7.86418E-03   8.26891E-03   8.67377E-03   9.07134E-03   9.46062E-03   9.83828E-03   1.01982E-02   1.05342E-02   1.08405E-02   1.11213E-02   1.13807E-02   1.16305E-02   1.18758E-02   1.21259E-02   1.23818E-02   1.26483E-02   1.29221E-02   1.32040E-02   1.34872E-02   1.37679E-02   1.40353E-02   1.42835E-02   1.45065E-02   1.47074E-02   1.48879E-02   1.50517E-02   1.51952E-02   1.53147E-02   1.54049E-02   1.54648E-02   1.54942E-02   1.54942E-02   1.54648E-02   1.54049E-02   1.53147E-02   1.51952E-02   1.50517E-02   1.48879E-02   1.47074E-02   1.45065E-02   1.42835E-02   1.40353E-02   1.37679E-02   1.34872E-02   1.32040E-02   1.29221E-02   1.26483E-02   1.23818E-02   1.21259E-02   1.18758E-02   1.16305E-02   1.13807E-02   1.11213E-02   1.08405E-02   1.05342E-02   1.01982E-02   9.83828E-03   9.46062E-03   9.07134E-03   8.67377E-03   8.26891E-03   7.86418E-03   7.46310E-03   7.07496E-03   6.69730E-03   6.33726E-03   5.99194E-03   5.66988E-03   5.36445E-03   5.07919E-03   4.80471E-03   4.54467E-03   4.29237E-03   4.05077E-03   3.81956E-03   3.59908E-03   3.39505E-03   3.20051E-03   3.03161E-03   2.86359E-03   2.70804E-03   2.52265E-03   2.37236E-03   2.20314E-03   2.08545E-03   1.92732E-03   1.83715E-03   1.68540E-03   1.64051E-03   1.51449E-03   1.49727E-03   1.35528E-03   1.35642E-03   1.17423E-03   1.19862E-03
  1.21003E-03   1.18196E-03   1.36992E-03   1.37510E-03   1.51803E-03   1.53084E-03   1.65706E-03   1.70580E-03   1.85616E-03   1.94065E-03   2.10389E-03   2.22549E-03   2.38950E-03   2.52944E-03   2.71757E-03   2.88788E-03   3.07082E-03   3.24504E-03   3.43479E-03   3.63042E-03   3.83871E-03   4.05584E-03   4.28569E-03   4.52552E-03   4.77216E-03   5.03106E-03   5.30210E-03   5.59570E-03   5.90770E-03   6.24336E-03   6.59283E-03   6.95743E-03   7.32943E-03   7.71428E-03   8.10864E-03   8.51487E-03   8.92678E-03   9.34332E-03   9.75867E-03   1.01677E-02   1.05623E-02   1.09352E-02   1.12828E-02   1.16013E-02   1.18931E-02   1.21593E-02   1.24080E-02   1.26427E-02   1.28704E-02   1.30912E-02   1.33086E-02   1.35229E-02   1.37399E-02   1.39605E-02   1.41858E-02   1.44082E-02   1.46204E-02   1.48130E-02   1.49816E-02   1.51225E-02   1.52357E-02   1.53203E-02   1.53769E-02   1.54052E-02   1.54052E-02   1.53769E-02   1.53203E-02   1.52357E-02   1.51225E-02   1.49816E-02   1.48130E-02   1.46204E-02   1.44082E-02   1.41858E-02   1.39605E-02   1.37399E-02   1.35229E-02   1.33086E-02   1.30912E-02   1.28704E-02   1.26427E-02   1.24080E-02   1.21593E-02   1.18931E-02   1.16013E-02   1.12828E-02   1.09352E-02   1.05623E-02   1.01677E-02   9.75867E-03   9.34332E-03   8.92678E-03   8.51487E-03   8.10864E-03   7.71428E-03   7.32943E-03   6.95743E-03   6.59283E-03   6.24336E-03   5.90770E-03   5.59570E-03   5.30210E-03   5.03106E-03   4.77216E-03   4.52552E-03   4.28569E-03   4.05584E-03   3.83871E-03   3.63042E-03   3.43479E-03   3.24504E-03   3.07082E-03   2.88788E-03   2.71757E-03   2.52944E-03   2.38950E-03   2.22549E-03   2.10389E-03   1.94065E-03   1.85616E-03   1.70580E-03   1.65706E-03   1.53084E-03   1.51803E-03   1.37510E-03   1.36992E-03   1.18196E-03   1.21003E-03
  1.21472E-03   1.19005E-03   1.39023E-03   1.39956E-03   1.53728E-03   1.55104E-03   1.68149E-03   1.72511E-03   1.87630E-03   1.96455E-03   2.13399E-03   2.26076E-03   2.42610E-03   2.55584E-03   2.72849E-03   2.89457E-03   3.08367E-03   3.26102E-03   3.45070E-03   3.64228E-03   3.84712E-03   4.06200E-03   4.28960E-03   4.52937E-03   4.77833E-03   5.04000E-03   5.31357E-03   5.60777E-03   5.91993E-03   6.25530E-03   6.60653E-03   6.97581E-03   7.35436E-03   7.74227E-03   8.13315E-03   8.52916E-03   8.92732E-03   9.32872E-03   9.73087E-03   1.01335E-02   1.05345E-02   1.09301E-02   1.13141E-02   1.16771E-02   1.20123E-02   1.23141E-02   1.25842E-02   1.28233E-02   1.30373E-02   1.32295E-02   1.34102E-02   1.35859E-02   1.37647E-02   1.39464E-02   1.41305E-02   1.43110E-02   1.44847E-02   1.46459E-02   1.47920E-02   1.49190E-02   1.50250E-02   1.51062E-02   1.51611E-02   1.51885E-02   1.51885E-02   1.51611E-02   1.51062E-02   1.50250E-02   1.49190E-02   1.47920E-02   1.46459E-02   1.44847E-02   1.43110E-02   1.41305E-02   1.39464E-02   1.37647E-02   1.35859E-02   1.34102E-02   1.32295E-02   1.30373E-02   1.28233E-02   1.25842E-02   1.23141E-02   1.20123E-02   1.16771E-02   1.13141E-02   1.09301E-02   1.05345E-02   1.01335E-02   9.73087E-03   9.32872E-03   8.92732E-03   8.52916E-03   8.13315E-03   7.74227E-03   7.35436E-03   6.97581E-03   6.60653E-03   6.25530E-03   5.91993E-03   5.60777E-03   5.31357E-03   5.04000E-03   4.77833E-03   4.52937E-03   4.28960E-03   4.06200E-03   3.84712E-03   3.64228E-03   3.45070E-03   3.26102E-03   3.08367E-03   2.89457E-03   2.72849E-03   2.55584E-03   2.42610E-03   2.26076E-03   2.13399E-03   1.96455E-03   1.87630E-03   1.72511E-03   1.68149E-03   1.55104E-03   1.53728E-03   1.39956E-03   1.39023E-03   1.19005E-03   1.21472E-03
  1.21364E-03   1.18442E-03   1.38405E-03   1.40294E-03   1.54735E-03   1.55622E-03   1.68465E-03   1.72287E-03   1.86994E-03   1.95599E-03   2.11642E-03   2.23350E-03   2.39882E-03   2.52843E-03   2.68996E-03   2.84226E-03   3.02841E-03   3.20936E-03   3.40488E-03   3.59998E-03   3.80584E-03   4.01917E-03   4.24466E-03   4.47904E-03   4.71956E-03   4.97142E-03   5.23646E-03   5.52328E-03   5.82737E-03   6.15115E-03   6.48861E-03   6.84450E-03   7.21545E-03   7.60309E-03   7.99983E-03   8.40369E-03   8.81017E-03   9.21922E-03   9.62861E-03   1.00379E-02   1.04469E-02   1.08546E-02   1.12580E-02   1.16499E-02   1.20243E-02   1.23732E-02   1.26934E-02   1.29803E-02   1.32369E-02   1.34641E-02   1.36679E-02   1.38497E-02   1.40148E-02   1.41662E-02   1.43117E-02   1.44544E-02   1.45961E-02   1.47322E-02   1.48588E-02   1.49702E-02   1.50635E-02   1.51355E-02   1.51847E-02   1.52096E-02   1.52096E-02   1.51847E-02   1.51355E-02   1.50635E-02   1.49702E-02   1.48588E-02   1.47322E-02   1.45961E-02   1.44544E-02   1.43117E-02   1.41662E-02   1.40148E-02   1.38497E-02   1.36679E-02   1.34641E-02   1.32369E-02   1.29803E-02   1.26934E-02   1.23732E-02   1.20243E-02   1.16499E-02   1.12580E-02   1.08546E-02   1.04469E-02   1.00379E-02   9.62861E-03   9.21922E-03   8.81017E-03   8.40369E-03   7.99983E-03   7.60309E-03   7.21545E-03   6.84450E-03   6.48861E-03   6.15115E-03   5.82737E-03   5.52328E-03   5.23646E-03   4.97142E-03   4.71956E-03   4.47904E-03   4.24466E-03   4.01917E-03   3.80584E-03   3.59998E-03   3.40488E-03   3.20936E-03   3.02841E-03   2.84226E-03   2.68996E-03   2.52843E-03   2.39882E-03   2.23350E-03   2.11642E-03   1.95599E-03   1.86994E-03   1.72287E-03   1.68465E-03   1.55622E-03   1.54735E-03   1.40294E-03   1.38405E-03   1.18442E-03   1.21364E-03
  1.21507E-03   1.18339E-03   1.38484E-03   1.40240E-03   1.54770E-03   1.55482E-03   1.68016E-03   1.71727E-03   1.86044E-03   1.94487E-03   2.10306E-03   2.21268E-03   2.37338E-03   2.50741E-03   2.67069E-03   2.81653E-03   2.99418E-03   3.16989E-03   3.36560E-03   3.56325E-03   3.77337E-03   3.99099E-03   4.21879E-03   4.45676E-03   4.70443E-03   4.96523E-03   5.23844E-03   5.53043E-03   5.83790E-03   6.16451E-03   6.50381E-03   6.85767E-03   7.22173E-03   7.59953E-03   7.98839E-03   8.38835E-03   8.79391E-03   9.20233E-03   9.60978E-03   1.00138E-02   1.04124E-02   1.08040E-02   1.11900E-02   1.15699E-02   1.19442E-02   1.23066E-02   1.26514E-02   1.29693E-02   1.32578E-02   1.35137E-02   1.37411E-02   1.39411E-02   1.41208E-02   1.42830E-02   1.44336E-02   1.45723E-02   1.47003E-02   1.48148E-02   1.49161E-02   1.50018E-02   1.50716E-02   1.51235E-02   1.51580E-02   1.51749E-02   1.51749E-02   1.51580E-02   1.51235E-02   1.50716E-02   1.50018E-02   1.49161E-02   1.48148E-02   1.47003E-02   1.45723E-02   1.44336E-02   1.42830E-02   1.41208E-02   1.39411E-02   1.37411E-02   1.35137E-02   1.32578E-02   1.29693E-02   1.26514E-02   1.23066E-02   1.19442E-02   1.15699E-02   1.11900E-02   1.08040E-02   1.04124E-02   1.00138E-02   9.60978E-03   9.20233E-03   8.79391E-03   8.38835E-03   7.98839E-03   7.59953E-03   7.22173E-03   6.85767E-03   6.50381E-03   6.16451E-03   5.83790E-03   5.53043E-03   5.23844E-03   4.96523E-03   4.70443E-03   4.45676E-03   4.21879E-03   3.99099E-03   3.77337E-03   3.56325E-03   3.36560E-03   3.16989E-03   2.99418E-03   2.81653E-03   2.67069E-03   2.50741E-03   2.37338E-03   2.21268E-03   2.10306E-03   1.94487E-03   1.86044E-03   1.71727E-03   1.68016E-03   1.55482E-03   1.54770E-03   1.40240E-03   1.38484E-03   1.18339E-03   1.21507E-03
  1.20653E-03   1.17411E-03   1.37230E-03   1.39360E-03   1.54148E-03   1.54606E-03   1.67116E-03   1.71063E-03   1.85379E-03   1.93725E-03   2.09223E-03   2.19667E-03   2.35058E-03   2.48105E-03   2.64631E-03   2.79224E-03   2.96411E-03   3.13554E-03   3.33143E-03   3.53195E-03   3.74570E-03   3.96540E-03   4.19428E-03   4.43159E-03   4.67556E-03   4.93026E-03   5.19610E-03   5.48154E-03   5.78451E-03   6.10843E-03   6.44685E-03   6.80208E-03   7.16800E-03   7.54566E-03   7.93025E-03   8.32320E-03   8.72134E-03   9.12355E-03   9.52683E-03   9.92980E-03   1.03316E-02   1.07294E-02   1.11218E-02   1.15053E-02   1.18801E-02   1.22430E-02   1.25932E-02   1.29240E-02   1.32338E-02   1.35182E-02   1.37795E-02   1.40160E-02   1.42298E-02   1.44190E-02   1.45870E-02   1.47344E-02   1.48653E-02   1.49788E-02   1.50766E-02   1.51572E-02   1.52221E-02   1.52706E-02   1.53034E-02   1.53199E-02   1.53199E-02   1.53034E-02   1.52706E-02   1.52221E-02   1.51572E-02   1.50766E-02   1.49788E-02   1.48653E-02   1.47344E-02   1.45870E-02   1.44190E-02   1.42298E-02   1.40160E-02   1.37795E-02   1.35182E-02   1.32338E-02   1.29240E-02   1.25932E-02   1.22430E-02   1.18801E-02   1.15053E-02   1.11218E-02   1.07294E-02   1.03316E-02   9.92980E-03   9.52683E-03   9.12355E-03   8.72134E-03   8.32320E-03   7.93025E-03   7.54566E-03   7.16800E-03   6.80208E-03   6.44685E-03   6.10843E-03   5.78451E-03   5.48154E-03   5.19610E-03   4.93026E-03   4.67556E-03   4.43159E-03   4.19428E-03   3.96540E-03   3.74570E-03   3.53195E-03   3.33143E-03   3.13554E-03   2.96411E-03   2.79224E-03   2.64631E-03   2.48105E-03   2.35058E-03   2.19667E-03   2.09223E-03   1.93725E-03   1.85379E-03   1.71063E-03   1.67116E-03   1.54606E-03   1.54148E-03   1.39360E-03   1.37230E-03   1.17411E-03   1.20653E-03
  1.19450E-03   1.16215E-03   1.35837E-03   1.37882E-03   1.52776E-03   1.53430E-03   1.65803E-03   1.69692E-03   1.84034E-03   1.92368E-03   2.07538E-03   2.18043E-03   2.33232E-03   2.45689E-03   2.61984E-03   2.76868E-03   2.94050E-03   3.10722E-03   3.29572E-03   3.49100E-03   3.70147E-03   3.91866E-03   4.14366E-03   4.37605E-03   4.61514E-03   4.86496E-03   5.12440E-03   5.40190E-03   5.69715E-03   6.01647E-03   6.35452E-03   6.71225E-03   7.08296E-03   7.46696E-03   7.85851E-03   8.25706E-03   8.65854E-03   9.06268E-03   9.46756E-03   9.87267E-03   1.02773E-02   1.06794E-02   1.10772E-02   1.14668E-02   1.18481E-02   1.22181E-02   1.25777E-02   1.29215E-02   1.32478E-02   1.35500E-02   1.38282E-02   1.40794E-02   1.43077E-02   1.45128E-02   1.46990E-02   1.48648E-02   1.50122E-02   1.51396E-02   1.52490E-02   1.53398E-02   1.54132E-02   1.54678E-02   1.55042E-02   1.55221E-02   1.55221E-02   1.55042E-02   1.54678E-02   1.54132E-02   1.53398E-02   1.52490E-02   1.51396E-02   1.50122E-02   1.48648E-02   1.46990E-02   1.45128E-02   1.43077E-02   1.40794E-02   1.38282E-02   1.35500E-02   1.32478E-02   1.29215E-02   1.25777E-02   1.22181E-02   1.18481E-02   1.14668E-02   1.10772E-02   1.06794E-02   1.02773E-02   9.87267E-03   9.46756E-03   9.06268E-03   8.65854E-03   8.25706E-03   7.85851E-03   7.46696E-03   7.08296E-03   6.71225E-03   6.35452E-03   6.01647E-03   5.69715E-03   5.40190E-03   5.12440E-03   4.86496E-03   4.61514E-03   4.37605E-03   4.14366E-03   3.91866E-03   3.70147E-03   3.49100E-03   3.29572E-03   3.10722E-03   2.94050E-03   2.76868E-03   2.61984E-03   2.45689E-03   2.33232E-03   2.18043E-03   2.07538E-03   1.92368E-03   1.84034E-03   1.69692E-03   1.65803E-03   1.53430E-03   1.52776E-03   1.37882E-03   1.35837E-03   1.16215E-03   1.19450E-03
  1.19130E-03   1.15993E-03   1.35365E-03   1.37591E-03   1.52675E-03   1.53404E-03   1.65925E-03   1.69962E-03   1.84318E-03   1.92674E-03   2.07797E-03   2.18397E-03   2.33840E-03   2.46113E-03   2.61899E-03   2.76560E-03   2.93725E-03   3.10309E-03   3.28740E-03   3.47766E-03   3.68548E-03   3.90377E-03   4.13401E-03   4.37479E-03   4.62437E-03   4.88455E-03   5.15300E-03   5.43646E-03   5.73400E-03   6.05152E-03   6.38489E-03   6.73690E-03   7.10232E-03   7.48202E-03   7.87067E-03   8.26741E-03   8.66738E-03   9.06942E-03   9.47147E-03   9.87343E-03   1.02754E-02   1.06764E-02   1.10761E-02   1.14707E-02   1.18582E-02   1.22315E-02   1.25882E-02   1.29231E-02   1.32376E-02   1.35290E-02   1.37992E-02   1.40453E-02   1.42703E-02   1.44736E-02   1.46598E-02   1.48286E-02   1.49823E-02   1.51187E-02   1.52380E-02   1.53377E-02   1.54180E-02   1.54777E-02   1.55176E-02   1.55373E-02   1.55373E-02   1.55176E-02   1.54777E-02   1.54180E-02   1.53377E-02   1.52380E-02   1.51187E-02   1.49823E-02   1.48286E-02   1.46598E-02   1.44736E-02   1.42703E-02   1.40453E-02   1.37992E-02   1.35290E-02   1.32376E-02   1.29231E-02   1.25882E-02   1.22315E-02   1.18582E-02   1.14707E-02   1.10761E-02   1.06764E-02   1.02754E-02   9.87343E-03   9.47147E-03   9.06942E-03   8.66738E-03   8.26741E-03   7.87067E-03   7.48202E-03   7.10232E-03   6.73690E-03   6.38489E-03   6.05152E-03   5.73400E-03   5.43646E-03   5.15300E-03   4.88455E-03   4.62437E-03   4.37479E-03   4.13401E-03   3.90377E-03   3.68548E-03   3.47766E-03   3.28740E-03   3.10309E-03   2.93725E-03   2.76560E-03   2.61899E-03   2.46113E-03   2.33840E-03   2.18397E-03   2.07797E-03   1.92674E-03   1.84318E-03   1.69962E-03   1.65925E-03   1.53404E-03   1.52675E-03   1.37591E-03   1.35365E-03   1.15993E-03   1.19130E-03
  1.18959E-03   1.15957E-03   1.35418E-03   1.37732E-03   1.53019E-03   1.53853E-03   1.66364E-03   1.70507E-03   1.84856E-03   1.93142E-03   2.08228E-03   2.18734E-03   2.34133E-03   2.46542E-03   2.62240E-03   2.76759E-03   2.94047E-03   3.11103E-03   3.29908E-03   3.49111E-03   3.69970E-03   3.92040E-03   4.15501E-03   4.40162E-03   4.65793E-03   4.92595E-03   5.20129E-03   5.48897E-03   5.78682E-03   6.10172E-03   6.43031E-03   6.77636E-03   7.13471E-03   7.50696E-03   7.88823E-03   8.27882E-03   8.67437E-03   9.07354E-03   9.47344E-03   9.87348E-03   1.02735E-02   1.06724E-02   1.10694E-02   1.14610E-02   1.18458E-02   1.22180E-02   1.25749E-02   1.29094E-02   1.32206E-02   1.35052E-02   1.37668E-02   1.40057E-02   1.42267E-02   1.44292E-02   1.46163E-02   1.47864E-02   1.49415E-02   1.50797E-02   1.52013E-02   1.53036E-02   1.53865E-02   1.54486E-02   1.54904E-02   1.55114E-02   1.55114E-02   1.54904E-02   1.54486E-02   1.53865E-02   1.53036E-02   1.52013E-02   1.50797E-02   1.49415E-02   1.47864E-02   1.46163E-02   1.44292E-02   1.42267E-02   1.40057E-02   1.37668E-02   1.35052E-02   1.32206E-02   1.29094E-02   1.25749E-02   1.22180E-02   1.18458E-02   1.14610E-02   1.10694E-02   1.06724E-02   1.02735E-02   9.87348E-03   9.47344E-03   9.07354E-03   8.67437E-03   8.27882E-03   7.88823E-03   7.50696E-03   7.13471E-03   6.77636E-03   6.43031E-03   6.10172E-03   5.78682E-03   5.48897E-03   5.20129E-03   4.92595E-03   4.65793E-03   4.40162E-03   4.15501E-03   3.92040E-03   3.69970E-03   3.49111E-03   3.29908E-03   3.11103E-03   2.94047E-03   2.76759E-03   2.62240E-03   2.46542E-03   2.34133E-03   2.18734E-03   2.08228E-03   1.93142E-03   1.84856E-03   1.70507E-03   1.66364E-03   1.53853E-03   1.53019E-03   1.37732E-03   1.35418E-03   1.15957E-03   1.18959E-03
  1.19810E-03   1.16850E-03   1.36360E-03   1.38560E-03   1.53780E-03   1.54656E-03   1.67291E-03   1.71418E-03   1.85728E-03   1.93903E-03   2.09067E-03   2.19700E-03   2.35150E-03   2.47859E-03   2.63982E-03   2.78689E-03   2.96068E-03   3.13457E-03   3.32727E-03   3.52240E-03   3.73049E-03   3.94854E-03   4.17987E-03   4.42458E-03   4.68022E-03   4.94955E-03   5.22772E-03   5.51999E-03   5.82257E-03   6.14179E-03   6.47277E-03   6.81936E-03   7.17642E-03   7.54665E-03   7.92580E-03   8.31514E-03   8.71100E-03   9.11284E-03   9.51700E-03   9.92072E-03   1.03211E-02   1.07154E-02   1.11032E-02   1.14819E-02   1.18516E-02   1.22085E-02   1.25526E-02   1.28794E-02   1.31879E-02   1.34724E-02   1.37331E-02   1.39680E-02   1.41820E-02   1.43761E-02   1.45555E-02   1.47195E-02   1.48697E-02   1.50036E-02   1.51208E-02   1.52188E-02   1.52976E-02   1.53561E-02   1.53950E-02   1.54142E-02   1.54142E-02   1.53950E-02   1.53561E-02   1.52976E-02   1.52188E-02   1.51208E-02   1.50036E-02   1.48697E-02   1.47195E-02   1.45555E-02   1.43761E-02   1.41820E-02   1.39680E-02   1.37331E-02   1.34724E-02   1.31879E-02   1.28794E-02   1.25526E-02   1.22085E-02   1.18516E-02   1.14819E-02   1.11032E-02   1.07154E-02   1.03211E-02   9.92072E-03   9.51700E-03   9.11284E-03   8.71100E-03   8.31514E-03   7.92580E-03   7.54665E-03   7.17642E-03   6.81936E-03   6.47277E-03   6.14179E-03   5.82257E-03   5.51999E-03   5.22772E-03   4.94955E-03   4.68022E-03   4.42458E-03   4.17987E-03   3.94854E-03   3.73049E-03   3.52240E-03   3.32727E-03   3.13457E-03   2.96068E-03   2.78689E-03   2.63982E-03   2.47859E-03   2.35150E-03   2.19700E-03   2.09067E-03   1.93903E-03   1.85728E-03   1.71418E-03   1.67291E-03   1.54656E-03   1.53780E-03   1.38560E-03   1.36360E-03   1.16850E-03   1.19810E-03
  1.19906E-03   1.16823E-03   1.36281E-03   1.38477E-03   1.53739E-03   1.54579E-03   1.67276E-03   1.71449E-03   1.85840E-03   1.94129E-03   2.09476E-03   2.20289E-03   2.35787E-03   2.48532E-03   2.64920E-03   2.79909E-03   2.97349E-03   3.14659E-03   3.33936E-03   3.53572E-03   3.74402E-03   3.96041E-03   4.18826E-03   4.42869E-03   4.67970E-03   4.94567E-03   5.22178E-03   5.51268E-03   5.81353E-03   6.13128E-03   6.46202E-03   6.81052E-03   7.17059E-03   7.54380E-03   7.92492E-03   8.31519E-03   8.71101E-03   9.11184E-03   9.51437E-03   9.91649E-03   1.03155E-02   1.07080E-02   1.10924E-02   1.14655E-02   1.18283E-02   1.21783E-02   1.25172E-02   1.28421E-02   1.31538E-02   1.34477E-02   1.37227E-02   1.39731E-02   1.41995E-02   1.44002E-02   1.45800E-02   1.47404E-02   1.48857E-02   1.50154E-02   1.51304E-02   1.52277E-02   1.53067E-02   1.53655E-02   1.54044E-02   1.54235E-02   1.54235E-02   1.54044E-02   1.53655E-02   1.53067E-02   1.52277E-02   1.51304E-02   1.50154E-02   1.48857E-02   1.47404E-02   1.45800E-02   1.44002E-02   1.41995E-02   1.39731E-02   1.37227E-02   1.34477E-02   1.31538E-02   1.28421E-02   1.25172E-02   1.21783E-02   1.18283E-02   1.14655E-02   1.10924E-02   1.07080E-02   1.03155E-02   9.91649E-03   9.51437E-03   9.11184E-03   8.71101E-03   8.31519E-03   7.92492E-03   7.54380E-03   7.17059E-03   6.81052E-03   6.46202E-03   6.13128E-03   5.81353E-03   5.51268E-03   5.22178E-03   4.94567E-03   4.67970E-03   4.42869E-03   4.18826E-03   3.96041E-03   3.74402E-03   3.53572E-03   3.33936E-03   3.14659E-03   2.97349E-03   2.79909E-03   2.64920E-03   2.48532E-03   2.35787E-03   2.20289E-03   2.09476E-03   1.94129E-03   1.85840E-03   1.71449E-03   1.67276E-03   1.54579E-03   1.53739E-03   1.38477E-03   1.36281E-03   1.16823E-03   1.19906E-03
  1.19576E-03   1.16585E-03   1.36061E-03   1.38292E-03   1.53657E-03   1.54610E-03   1.67421E-03   1.71684E-03   1.86149E-03   1.94498E-03   2.09887E-03   2.20723E-03   2.36316E-03   2.49018E-03   2.65386E-03   2.80484E-03   2.98069E-03   3.15344E-03   3.34552E-03   3.54210E-03   3.75103E-03   3.96700E-03   4.19333E-03   4.43145E-03   4.67986E-03   4.94321E-03   5.21780E-03   5.50885E-03   5.81173E-03   6.13259E-03   6.46718E-03   6.81962E-03   7.18390E-03   7.56119E-03   7.94551E-03   8.33701E-03   8.73171E-03   9.12970E-03   9.52862E-03   9.92721E-03   1.03235E-02   1.07148E-02   1.10998E-02   1.14749E-02   1.18393E-02   1.21894E-02   1.25259E-02   1.28457E-02   1.31505E-02   1.34371E-02   1.37068E-02   1.39557E-02   1.41844E-02   1.43894E-02   1.45726E-02   1.47332E-02   1.48752E-02   1.49992E-02   1.51080E-02   1.52004E-02   1.52767E-02   1.53349E-02   1.53745E-02   1.53944E-02   1.53944E-02   1.53745E-02   1.53349E-02   1.52767E-02   1.52004E-02   1.51080E-02   1.49992E-02   1.48752E-02   1.47332E-02   1.45726E-02   1.43894E-02   1.41844E-02   1.39557E-02   1.37068E-02   1.34371E-02   1.31505E-02   1.28457E-02   1.25259E-02   1.21894E-02   1.18393E-02   1.14749E-02   1.10998E-02   1.07148E-02   1.03235E-02   9.92721E-03   9.52862E-03   9.12970E-03   8.73171E-03   8.33701E-03   7.94551E-03   7.56119E-03   7.18390E-03   6.81962E-03   6.46718E-03   6.13259E-03   5.81173E-03   5.50885E-03   5.21780E-03   4.94321E-03   4.67986E-03   4.43145E-03   4.19333E-03   3.96700E-03   3.75103E-03   3.54210E-03   3.34552E-03   3.15344E-03   2.98069E-03   2.80484E-03   2.65386E-03   2.49018E-03   2.36316E-03   2.20723E-03   2.09887E-03   1.94498E-03   1.86149E-03   1.71684E-03   1.67421E-03   1.54610E-03   1.53657E-03   1.38292E-03   1.36061E-03   1.16585E-03   1.19576E-03
  1.19337E-03   1.16259E-03   1.35761E-03   1.38089E-03   1.53484E-03   1.54490E-03   1.67408E-03   1.71726E-03   1.86144E-03   1.94500E-03   2.09932E-03   2.20738E-03   2.36386E-03   2.49139E-03   2.65466E-03   2.80577E-03   2.98345E-03   3.15750E-03   3.34955E-03   3.54557E-03   3.75485E-03   3.97130E-03   4.19801E-03   4.43594E-03   4.68419E-03   4.94732E-03   5.22241E-03   5.51420E-03   5.81774E-03   6.13817E-03   6.47152E-03   6.82215E-03   7.18454E-03   7.55961E-03   7.94160E-03   8.33068E-03   8.72281E-03   9.11757E-03   9.51262E-03   9.90738E-03   1.03010E-02   1.06916E-02   1.10783E-02   1.14570E-02   1.18265E-02   1.21817E-02   1.25218E-02   1.28424E-02   1.31450E-02   1.34270E-02   1.36918E-02   1.39376E-02   1.41669E-02   1.43770E-02   1.45685E-02   1.47384E-02   1.48882E-02   1.50170E-02   1.51282E-02   1.52225E-02   1.53018E-02   1.53644E-02   1.54088E-02   1.54317E-02   1.54317E-02   1.54088E-02   1.53644E-02   1.53018E-02   1.52225E-02   1.51282E-02   1.50170E-02   1.48882E-02   1.47384E-02   1.45685E-02   1.43770E-02   1.41669E-02   1.39376E-02   1.36918E-02   1.34270E-02   1.31450E-02   1.28424E-02   1.25218E-02   1.21817E-02   1.18265E-02   1.14570E-02   1.10783E-02   1.06916E-02   1.03010E-02   9.90738E-03   9.51262E-03   9.11757E-03   8.72281E-03   8.33068E-03   7.94160E-03   7.55961E-03   7.18454E-03   6.82215E-03   6.47152E-03   6.13817E-03   5.81774E-03   5.51420E-03   5.22241E-03   4.94732E-03   4.68419E-03   4.43594E-03   4.19801E-03   3.97130E-03   3.75485E-03   3.54557E-03   3.34955E-03   3.15750E-03   2.98345E-03   2.80577E-03   2.65466E-03   2.49139E-03   2.36386E-03   2.20738E-03   2.09932E-03   1.94500E-03   1.86144E-03   1.71726E-03   1.67408E-03   1.54490E-03   1.53484E-03   1.38089E-03   1.35761E-03   1.16259E-03   1.19337E-03
  1.19147E-03   1.16170E-03   1.35621E-03   1.37899E-03   1.53326E-03   1.54391E-03   1.67295E-03   1.71616E-03   1.85954E-03   1.94243E-03   2.09596E-03   2.20340E-03   2.35929E-03   2.48683E-03   2.64968E-03   2.79988E-03   2.97755E-03   3.15312E-03   3.34709E-03   3.54481E-03   3.75616E-03   3.97522E-03   4.20488E-03   4.44529E-03   4.69522E-03   4.95824E-03   5.23206E-03   5.52200E-03   5.82390E-03   6.14212E-03   6.47229E-03   6.81844E-03   7.17626E-03   7.54775E-03   7.92794E-03   8.31661E-03   8.70946E-03   9.10570E-03   9.50285E-03   9.89960E-03   1.02948E-02   1.06864E-02   1.10739E-02   1.14542E-02   1.18262E-02   1.21848E-02   1.25288E-02   1.28533E-02   1.31585E-02   1.34410E-02   1.37034E-02   1.39443E-02   1.41674E-02   1.43717E-02   1.45598E-02   1.47300E-02   1.48838E-02   1.50189E-02   1.51363E-02   1.52346E-02   1.53146E-02   1.53749E-02   1.54158E-02   1.54362E-02   1.54362E-02   1.54158E-02   1.53749E-02   1.53146E-02   1.52346E-02   1.51363E-02   1.50189E-02   1.48838E-02   1.47300E-02   1.45598E-02   1.43717E-02   1.41674E-02   1.39443E-02   1.37034E-02   1.34410E-02   1.31585E-02   1.28533E-02   1.25288E-02   1.21848E-02   1.18262E-02   1.14542E-02   1.10739E-02   1.06864E-02   1.02948E-02   9.89960E-03   9.50285E-03   9.10570E-03   8.70946E-03   8.31661E-03   7.92794E-03   7.54775E-03   7.17626E-03   6.81844E-03   6.47229E-03   6.14212E-03   5.82390E-03   5.52200E-03   5.23206E-03   4.95824E-03   4.69522E-03   4.44529E-03   4.20488E-03   3.97522E-03   3.75616E-03   3.54481E-03   3.34709E-03   3.15312E-03   2.97755E-03   2.79988E-03   2.64968E-03   2.48683E-03   2.35929E-03   2.20340E-03   2.09596E-03   1.94243E-03   1.85954E-03   1.71616E-03   1.67295E-03   1.54391E-03   1.53326E-03   1.37899E-03   1.35621E-03   1.16170E-03   1.19147E-03
  1.19437E-03   1.16357E-03   1.35830E-03   1.38098E-03   1.53516E-03   1.54578E-03   1.67476E-03   1.71767E-03   1.86050E-03   1.94262E-03   2.09542E-03   2.20232E-03   2.35728E-03   2.48393E-03   2.64683E-03   2.79735E-03   2.97549E-03   3.15243E-03   3.34875E-03   3.54904E-03   3.76310E-03   3.98530E-03   4.21857E-03   4.46297E-03   4.71715E-03   4.98385E-03   5.26017E-03   5.55123E-03   5.85335E-03   6.17094E-03   6.49953E-03   6.84307E-03   7.19756E-03   7.56556E-03   7.94292E-03   8.33010E-03   8.72306E-03   9.12051E-03   9.51926E-03   9.91728E-03   1.03130E-02   1.07040E-02   1.10900E-02   1.14678E-02   1.18373E-02   1.21939E-02   1.25367E-02   1.28604E-02   1.31646E-02   1.34447E-02   1.37024E-02   1.39357E-02   1.41488E-02   1.43421E-02   1.45205E-02   1.46840E-02   1.48352E-02   1.49712E-02   1.50914E-02   1.51920E-02   1.52721E-02   1.53303E-02   1.53679E-02   1.53859E-02   1.53859E-02   1.53679E-02   1.53303E-02   1.52721E-02   1.51920E-02   1.50914E-02   1.49712E-02   1.48352E-02   1.46840E-02   1.45205E-02   1.43421E-02   1.41488E-02   1.39357E-02   1.37024E-02   1.34447E-02   1.31646E-02   1.28604E-02   1.25367E-02   1.21939E-02   1.18373E-02   1.14678E-02   1.10900E-02   1.07040E-02   1.03130E-02   9.91728E-03   9.51926E-03   9.12051E-03   8.72306E-03   8.33010E-03   7.94292E-03   7.56556E-03   7.19756E-03   6.84307E-03   6.49953E-03   6.17094E-03   5.85335E-03   5.55123E-03   5.26017E-03   4.98385E-03   4.71715E-03   4.46297E-03   4.21857E-03   3.98530E-03   3.76310E-03   3.54904E-03   3.34875E-03   3.15243E-03   2.97549E-03   2.79735E-03   2.64683E-03   2.48393E-03   2.35728E-03   2.20232E-03   2.09542E-03   1.94262E-03   1.86050E-03   1.71767E-03   1.67476E-03   1.54578E-03   1.53516E-03   1.38098E-03   1.35830E-03   1.16357E-03   1.19437E-03
  1.19496E-03   1.16407E-03   1.35823E-03   1.38061E-03   1.53474E-03   1.54499E-03   1.67358E-03   1.71613E-03   1.85845E-03   1.94022E-03   2.09234E-03   2.19874E-03   2.35367E-03   2.48014E-03   2.64344E-03   2.79480E-03   2.97361E-03   3.15111E-03   3.34861E-03   3.55049E-03   3.76606E-03   3.98933E-03   4.22318E-03   4.46782E-03   4.72221E-03   4.98905E-03   5.26511E-03   5.55535E-03   5.85644E-03   6.17301E-03   6.50054E-03   6.84260E-03   7.19519E-03   7.56123E-03   7.93704E-03   8.32340E-03   8.71634E-03   9.11464E-03   9.51499E-03   9.91513E-03   1.03130E-02   1.07058E-02   1.10927E-02   1.14705E-02   1.18389E-02   1.21938E-02   1.25349E-02   1.28573E-02   1.31610E-02   1.34420E-02   1.37017E-02   1.39378E-02   1.41534E-02   1.43479E-02   1.45259E-02   1.46875E-02   1.48359E-02   1.49693E-02   1.50879E-02   1.51888E-02   1.52711E-02   1.53328E-02   1.53741E-02   1.53945E-02   1.53945E-02   1.53741E-02   1.53328E-02   1.52711E-02   1.51888E-02   1.50879E-02   1.49693E-02   1.48359E-02   1.46875E-02   1.45259E-02   1.43479E-02   1.41534E-02   1.39378E-02   1.37017E-02   1.34420E-02   1.31610E-02   1.28573E-02   1.25349E-02   1.21938E-02   1.18389E-02   1.14705E-02   1.10927E-02   1.07058E-02   1.03130E-02   9.91513E-03   9.51499E-03   9.11464E-03   8.71634E-03   8.32340E-03   7.93704E-03   7.56123E-03   7.19519E-03   6.84260E-03   6.50054E-03   6.17301E-03   5.85644E-03   5.55535E-03   5.26511E-03   4.98905E-03   4.72221E-03   4.46782E-03   4.22318E-03   3.98933E-03   3.76606E-03   3.55049E-03   3.34861E-03   3.15111E-03   2.97361E-03   2.79480E-03   2.64344E-03   2.48014E-03   2.35367E-03   2.19874E-03   2.09234E-03   1.94022E-03   1.85845E-03   1.71613E-03   1.67358E-03   1.54499E-03   1.53474E-03   1.38061E-03   1.35823E-03   1.16407E-03   1.19496E-03
  1.19751E-03   1.16573E-03   1.35986E-03   1.38196E-03   1.53574E-03   1.54581E-03   1.67442E-03   1.71674E-03   1.85892E-03   1.94071E-03   2.09317E-03   2.19966E-03   2.35520E-03   2.48219E-03   2.64624E-03   2.79858E-03   2.97875E-03   3.15714E-03   3.35514E-03   3.55726E-03   3.77300E-03   3.99620E-03   4.22950E-03   4.47287E-03   4.72576E-03   4.99133E-03   5.26655E-03   5.55606E-03   5.85661E-03   6.17302E-03   6.50107E-03   6.84404E-03   7.19762E-03   7.56425E-03   7.94031E-03   8.32685E-03   8.72036E-03   9.11979E-03   9.52181E-03   9.92397E-03   1.03239E-02   1.07184E-02   1.11061E-02   1.14835E-02   1.18499E-02   1.22014E-02   1.25383E-02   1.28567E-02   1.31573E-02   1.34367E-02   1.36965E-02   1.39342E-02   1.41526E-02   1.43495E-02   1.45278E-02   1.46862E-02   1.48280E-02   1.49532E-02   1.50645E-02   1.51609E-02   1.52423E-02   1.53062E-02   1.53508E-02   1.53736E-02   1.53736E-02   1.53508E-02   1.53062E-02   1.52423E-02   1.51609E-02   1.50645E-02   1.49532E-02   1.48280E-02   1.46862E-02   1.45278E-02   1.43495E-02   1.41526E-02   1.39342E-02   1.36965E-02   1.34367E-02   1.31573E-02   1.28567E-02   1.25383E-02   1.22014E-02   1.18499E-02   1.14835E-02   1.11061E-02   1.07184E-02   1.03239E-02   9.92397E-03   9.52181E-03   9.11979E-03   8.72036E-03   8.32685E-03   7.94031E-03   7.56425E-03   7.19762E-03   6.84404E-03   6.50107E-03   6.17302E-03   5.85661E-03   5.55606E-03   5.26655E-03   4.99133E-03   4.72576E-03   4.47287E-03   4.22950E-03   3.99620E-03   3.77300E-03   3.55726E-03   3.35514E-03   3.15714E-03   2.97875E-03   2.79858E-03   2.64624E-03   2.48219E-03   2.35520E-03   2.19966E-03   2.09317E-03   1.94071E-03   1.85892E-03   1.71674E-03   1.67442E-03   1.54581E-03   1.53574E-03   1.38196E-03   1.35986E-03   1.16573E-03   1.19751E-03
  1.19874E-03   1.16698E-03   1.36079E-03   1.38222E-03   1.53603E-03   1.54639E-03   1.67525E-03   1.71776E-03   1.86041E-03   1.94268E-03   2.09609E-03   2.20327E-03   2.35980E-03   2.48769E-03   2.65254E-03   2.80527E-03   2.98605E-03   3.16498E-03   3.36331E-03   3.56549E-03   3.78123E-03   4.00436E-03   4.23756E-03   4.48052E-03   4.73274E-03   4.99766E-03   5.27261E-03   5.56209E-03   5.86276E-03   6.17943E-03   6.50806E-03   6.85182E-03   7.20620E-03   7.57327E-03   7.94924E-03   8.33498E-03   8.72717E-03   9.12507E-03   9.52582E-03   9.92718E-03   1.03267E-02   1.07207E-02   1.11075E-02   1.14830E-02   1.18467E-02   1.21949E-02   1.25284E-02   1.28436E-02   1.31420E-02   1.34204E-02   1.36807E-02   1.39201E-02   1.41407E-02   1.43402E-02   1.45210E-02   1.46813E-02   1.48237E-02   1.49479E-02   1.50567E-02   1.51499E-02   1.52287E-02   1.52910E-02   1.53350E-02   1.53577E-02   1.53577E-02   1.53350E-02   1.52910E-02   1.52287E-02   1.51499E-02   1.50567E-02   1.49479E-02   1.48237E-02   1.46813E-02   1.45210E-02   1.43402E-02   1.41407E-02   1.39201E-02   1.36807E-02   1.34204E-02   1.31420E-02   1.28436E-02   1.25284E-02   1.21949E-02   1.18467E-02   1.14830E-02   1.11075E-02   1.07207E-02   1.03267E-02   9.92718E-03   9.52582E-03   9.12507E-03   8.72717E-03   8.33498E-03   7.94924E-03   7.57327E-03   7.20620E-03   6.85182E-03   6.50806E-03   6.17943E-03   5.86276E-03   5.56209E-03   5.27261E-03   4.99766E-03   4.73274E-03   4.48052E-03   4.23756E-03   4.00436E-03   3.78123E-03   3.56549E-03   3.36331E-03   3.16498E-03   2.98605E-03   2.80527E-03   2.65254E-03   2.48769E-03   2.35980E-03   2.20327E-03   2.09609E-03   1.94268E-03   1.86041E-03   1.71776E-03   1.67525E-03   1.54639E-03   1.53603E-03   1.38222E-03   1.36079E-03   1.16698E-03   1.19874E-03
  1.19871E-03   1.16643E-03   1.36020E-03   1.38192E-03   1.53602E-03   1.54674E-03   1.67622E-03   1.71914E-03   1.86245E-03   1.94512E-03   2.09915E-03   2.20686E-03   2.36379E-03   2.49165E-03   2.65641E-03   2.80865E-03   2.98886E-03   3.16728E-03   3.36517E-03   3.56681E-03   3.78209E-03   4.00504E-03   4.23843E-03   4.48164E-03   4.73387E-03   4.99861E-03   5.27356E-03   5.56324E-03   5.86412E-03   6.18088E-03   6.50966E-03   6.85376E-03   7.20868E-03   7.57618E-03   7.95234E-03   8.33796E-03   8.72989E-03   9.12749E-03   9.52800E-03   9.92921E-03   1.03288E-02   1.07231E-02   1.11104E-02   1.14864E-02   1.18503E-02   1.21982E-02   1.25308E-02   1.28447E-02   1.31413E-02   1.34176E-02   1.36755E-02   1.39127E-02   1.41318E-02   1.43309E-02   1.45124E-02   1.46750E-02   1.48206E-02   1.49479E-02   1.50583E-02   1.51506E-02   1.52258E-02   1.52827E-02   1.53213E-02   1.53407E-02   1.53407E-02   1.53213E-02   1.52827E-02   1.52258E-02   1.51506E-02   1.50583E-02   1.49479E-02   1.48206E-02   1.46750E-02   1.45124E-02   1.43309E-02   1.41318E-02   1.39127E-02   1.36755E-02   1.34176E-02   1.31413E-02   1.28447E-02   1.25308E-02   1.21982E-02   1.18503E-02   1.14864E-02   1.11104E-02   1.07231E-02   1.03288E-02   9.92921E-03   9.52800E-03   9.12749E-03   8.72989E-03   8.33796E-03   7.95234E-03   7.57618E-03   7.20868E-03   6.85376E-03   6.50966E-03   6.18088E-03   5.86412E-03   5.56324E-03   5.27356E-03   4.99861E-03   4.73387E-03   4.48164E-03   4.23843E-03   4.00504E-03   3.78209E-03   3.56681E-03   3.36517E-03   3.16728E-03   2.98886E-03   2.80865E-03   2.65641E-03   2.49165E-03   2.36379E-03   2.20686E-03   2.09915E-03   1.94512E-03   1.86245E-03   1.71914E-03   1.67622E-03   1.54674E-03   1.53602E-03   1.38192E-03   1.36020E-03   1.16643E-03   1.19871E-03
  1.19801E-03   1.16617E-03   1.36009E-03   1.38209E-03   1.53663E-03   1.54760E-03   1.67743E-03   1.72073E-03   1.86456E-03   1.94758E-03   2.10163E-03   2.20915E-03   2.36590E-03   2.49338E-03   2.65781E-03   2.80960E-03   2.98919E-03   3.16693E-03   3.36426E-03   3.56535E-03   3.78002E-03   4.00226E-03   4.23519E-03   4.47827E-03   4.73049E-03   4.99498E-03   5.26955E-03   5.55894E-03   5.85964E-03   6.17617E-03   6.50464E-03   6.84852E-03   7.20348E-03   7.57134E-03   7.94808E-03   8.33430E-03   8.72667E-03   9.12438E-03   9.52464E-03   9.92526E-03   1.03241E-02   1.07179E-02   1.11051E-02   1.14814E-02   1.18462E-02   1.21951E-02   1.25283E-02   1.28422E-02   1.31382E-02   1.34134E-02   1.36704E-02   1.39071E-02   1.41264E-02   1.43267E-02   1.45110E-02   1.46775E-02   1.48281E-02   1.49604E-02   1.50751E-02   1.51698E-02   1.52450E-02   1.53000E-02   1.53360E-02   1.53535E-02   1.53535E-02   1.53360E-02   1.53000E-02   1.52450E-02   1.51698E-02   1.50751E-02   1.49604E-02   1.48281E-02   1.46775E-02   1.45110E-02   1.43267E-02   1.41264E-02   1.39071E-02   1.36704E-02   1.34134E-02   1.31382E-02   1.28422E-02   1.25283E-02   1.21951E-02   1.18462E-02   1.14814E-02   1.11051E-02   1.07179E-02   1.03241E-02   9.92526E-03   9.52464E-03   9.12438E-03   8.72667E-03   8.33430E-03   7.94808E-03   7.57134E-03   7.20348E-03   6.84852E-03   6.50464E-03   6.17617E-03   5.85964E-03   5.55894E-03   5.26955E-03   4.99498E-03   4.73049E-03   4.47827E-03   4.23519E-03   4.00226E-03   3.78002E-03   3.56535E-03   3.36426E-03   3.16693E-03   2.98919E-03   2.80960E-03   2.65781E-03   2.49338E-03   2.36590E-03   2.20915E-03   2.10163E-03   1.94758E-03   1.86456E-03   1.72073E-03   1.67743E-03   1.54760E-03   1.53663E-03   1.38209E-03   1.36009E-03   1.16617E-03   1.19801E-03
  1.19778E-03   1.16604E-03   1.36024E-03   1.38246E-03   1.53709E-03   1.54831E-03   1.67837E-03   1.72162E-03   1.86528E-03   1.94811E-03   2.10191E-03   2.20922E-03   2.36586E-03   2.49322E-03   2.65745E-03   2.80904E-03   2.98834E-03   3.16576E-03   3.36273E-03   3.56344E-03   3.77760E-03   3.99913E-03   4.23123E-03   4.47362E-03   4.72530E-03   4.98917E-03   5.26296E-03   5.55151E-03   5.85145E-03   6.16726E-03   6.49503E-03   6.83838E-03   7.19320E-03   7.56140E-03   7.93890E-03   8.32613E-03   8.71958E-03   9.11826E-03   9.51931E-03   9.92056E-03   1.03200E-02   1.07146E-02   1.11029E-02   1.14808E-02   1.18473E-02   1.21977E-02   1.25321E-02   1.28466E-02   1.31426E-02   1.34174E-02   1.36736E-02   1.39095E-02   1.41285E-02   1.43293E-02   1.45147E-02   1.46829E-02   1.48354E-02   1.49696E-02   1.50862E-02   1.51828E-02   1.52599E-02   1.53167E-02   1.53542E-02   1.53725E-02   1.53725E-02   1.53542E-02   1.53167E-02   1.52599E-02   1.51828E-02   1.50862E-02   1.49696E-02   1.48354E-02   1.46829E-02   1.45147E-02   1.43293E-02   1.41285E-02   1.39095E-02   1.36736E-02   1.34174E-02   1.31426E-02   1.28466E-02   1.25321E-02   1.21977E-02   1.18473E-02   1.14808E-02   1.11029E-02   1.07146E-02   1.03200E-02   9.92056E-03   9.51931E-03   9.11826E-03   8.71958E-03   8.32613E-03   7.93890E-03   7.56140E-03   7.19320E-03   6.83838E-03   6.49503E-03   6.16726E-03   5.85145E-03   5.55151E-03   5.26296E-03   4.98917E-03   4.72530E-03   4.47362E-03   4.23123E-03   3.99913E-03   3.77760E-03   3.56344E-03   3.36273E-03   3.16576E-03   2.98834E-03   2.80904E-03   2.65745E-03   2.49322E-03   2.36586E-03   2.20922E-03   2.10191E-03   1.94811E-03   1.86528E-03   1.72162E-03   1.67837E-03   1.54831E-03   1.53709E-03   1.38246E-03   1.36024E-03   1.16604E-03   1.19778E-03
  1.19850E-03   1.16693E-03   1.36130E-03   1.38345E-03   1.53796E-03   1.54902E-03   1.67902E-03   1.72212E-03   1.86560E-03   1.94829E-03   2.10197E-03   2.20921E-03   2.36573E-03   2.49309E-03   2.65724E-03   2.80867E-03   2.98779E-03   3.16501E-03   3.36167E-03   3.56212E-03   3.77599E-03   3.99722E-03   4.22892E-03   4.47109E-03   4.72291E-03   4.98721E-03   5.26137E-03   5.55016E-03   5.85031E-03   6.16642E-03   6.49447E-03   6.83806E-03   7.19312E-03   7.56171E-03   7.93971E-03   8.32742E-03   8.72120E-03   9.12000E-03   9.52101E-03   9.92212E-03   1.03214E-02   1.07158E-02   1.11039E-02   1.14818E-02   1.18484E-02   1.21992E-02   1.25340E-02   1.28487E-02   1.31448E-02   1.34193E-02   1.36752E-02   1.39107E-02   1.41292E-02   1.43293E-02   1.45139E-02   1.46811E-02   1.48325E-02   1.49660E-02   1.50822E-02   1.51793E-02   1.52580E-02   1.53170E-02   1.53568E-02   1.53766E-02   1.53766E-02   1.53568E-02   1.53170E-02   1.52580E-02   1.51793E-02   1.50822E-02   1.49660E-02   1.48325E-02   1.46811E-02   1.45139E-02   1.43293E-02   1.41292E-02   1.39107E-02   1.36752E-02   1.34193E-02   1.31448E-02   1.28487E-02   1.25340E-02   1.21992E-02   1.18484E-02   1.14818E-02   1.11039E-02   1.07158E-02   1.03214E-02   9.92212E-03   9.52101E-03   9.12000E-03   8.72120E-03   8.32742E-03   7.93971E-03   7.56171E-03   7.19312E-03   6.83806E-03   6.49447E-03   6.16642E-03   5.85031E-03   5.55016E-03   5.26137E-03   4.98721E-03   4.72291E-03   4.47109E-03   4.22892E-03   3.99722E-03   3.77599E-03   3.56212E-03   3.36167E-03   3.16501E-03   2.98779E-03   2.80867E-03   2.65724E-03   2.49309E-03   2.36573E-03   2.20921E-03   2.10197E-03   1.94829E-03   1.86560E-03   1.72212E-03   1.67902E-03   1.54902E-03   1.53796E-03   1.38345E-03   1.36130E-03   1.16693E-03   1.19850E-03
  1.19821E-03   1.16653E-03   1.36070E-03   1.38280E-03   1.53729E-03   1.54828E-03   1.67804E-03   1.72099E-03   1.86433E-03   1.94684E-03   2.10033E-03   2.20755E-03   2.36389E-03   2.49106E-03   2.65494E-03   2.80618E-03   2.98510E-03   3.16217E-03   3.35863E-03   3.55887E-03   3.77250E-03   3.99360E-03   4.22508E-03   4.46698E-03   4.71855E-03   4.98284E-03   5.25707E-03   5.54593E-03   5.84613E-03   6.16239E-03   6.49072E-03   6.83468E-03   7.19007E-03   7.55896E-03   7.93720E-03   8.32516E-03   8.71921E-03   9.11839E-03   9.51987E-03   9.92153E-03   1.03213E-02   1.07161E-02   1.11045E-02   1.14824E-02   1.18489E-02   1.21996E-02   1.25344E-02   1.28495E-02   1.31464E-02   1.34224E-02   1.36798E-02   1.39168E-02   1.41361E-02   1.43362E-02   1.45200E-02   1.46861E-02   1.48364E-02   1.49694E-02   1.50859E-02   1.51841E-02   1.52645E-02   1.53254E-02   1.53667E-02   1.53875E-02   1.53875E-02   1.53667E-02   1.53254E-02   1.52645E-02   1.51841E-02   1.50859E-02   1.49694E-02   1.48364E-02   1.46861E-02   1.45200E-02   1.43362E-02   1.41361E-02   1.39168E-02   1.36798E-02   1.34224E-02   1.31464E-02   1.28495E-02   1.25344E-02   1.21996E-02   1.18489E-02   1.14824E-02   1.11045E-02   1.07161E-02   1.03213E-02   9.92153E-03   9.51987E-03   9.11839E-03   8.71921E-03   8.32516E-03   7.93720E-03   7.55896E-03   7.19007E-03   6.83468E-03   6.49072E-03   6.16239E-03   5.84613E-03   5.54593E-03   5.25707E-03   4.98284E-03   4.71855E-03   4.46698E-03   4.22508E-03   3.99360E-03   3.77250E-03   3.55887E-03   3.35863E-03   3.16217E-03   2.98510E-03   2.80618E-03   2.65494E-03   2.49106E-03   2.36389E-03   2.20755E-03   2.10033E-03   1.94684E-03   1.86433E-03   1.72099E-03   1.67804E-03   1.54828E-03   1.53729E-03   1.38280E-03   1.36070E-03   1.16653E-03   1.19821E-03
  1.19780E-03   1.16618E-03   1.36037E-03   1.38248E-03   1.53687E-03   1.54778E-03   1.67742E-03   1.72024E-03   1.86343E-03   1.94589E-03   2.09928E-03   2.20646E-03   2.36269E-03   2.48982E-03   2.65367E-03   2.80495E-03   2.98381E-03   3.16084E-03   3.35723E-03   3.55749E-03   3.77109E-03   3.99221E-03   4.22368E-03   4.46554E-03   4.71702E-03   4.98141E-03   5.25593E-03   5.54522E-03   5.84583E-03   6.16257E-03   6.49138E-03   6.83578E-03   7.19140E-03   7.56029E-03   7.93834E-03   8.32609E-03   8.71991E-03   9.11895E-03   9.52035E-03   9.92202E-03   1.03218E-02   1.07164E-02   1.11045E-02   1.14820E-02   1.18482E-02   1.21988E-02   1.25341E-02   1.28501E-02   1.31482E-02   1.34254E-02   1.36838E-02   1.39213E-02   1.41406E-02   1.43403E-02   1.45232E-02   1.46880E-02   1.48371E-02   1.49691E-02   1.50850E-02   1.51831E-02   1.52634E-02   1.53243E-02   1.53655E-02   1.53861E-02   1.53861E-02   1.53655E-02   1.53243E-02   1.52634E-02   1.51831E-02   1.50850E-02   1.49691E-02   1.48371E-02   1.46880E-02   1.45232E-02   1.43403E-02   1.41406E-02   1.39213E-02   1.36838E-02   1.34254E-02   1.31482E-02   1.28501E-02   1.25341E-02   1.21988E-02   1.18482E-02   1.14820E-02   1.11045E-02   1.07164E-02   1.03218E-02   9.92202E-03   9.52035E-03   9.11895E-03   8.71991E-03   8.32609E-03   7.93834E-03   7.56029E-03   7.19140E-03   6.83578E-03   6.49138E-03   6.16257E-03   5.84583E-03   5.54522E-03   5.25593E-03   4.98141E-03   4.71702E-03   4.46554E-03   4.22368E-03   3.99221E-03   3.77109E-03   3.55749E-03   3.35723E-03   3.16084E-03   2.98381E-03   2.80495E-03   2.65367E-03   2.48982E-03   2.36269E-03   2.20646E-03   2.09928E-03   1.94589E-03   1.86343E-03   1.72024E-03   1.67742E-03   1.54778E-03   1.53687E-03   1.38248E-03   1.36037E-03   1.16618E-03   1.19780E-03
  1.19775E-03   1.16613E-03   1.36031E-03   1.38244E-03   1.53678E-03   1.54764E-03   1.67730E-03   1.72017E-03   1.86333E-03   1.94583E-03   2.09921E-03   2.20637E-03   2.36255E-03   2.48971E-03   2.65353E-03   2.80480E-03   2.98361E-03   3.16065E-03   3.35705E-03   3.55738E-03   3.77102E-03   3.99227E-03   4.22388E-03   4.46600E-03   4.71764E-03   4.98227E-03   5.25717E-03   5.54707E-03   5.84830E-03   6.16557E-03   6.49473E-03   6.83935E-03   7.19497E-03   7.56368E-03   7.94136E-03   8.32866E-03   8.72199E-03   9.12053E-03   9.52134E-03   9.92235E-03   1.03214E-02   1.07153E-02   1.11028E-02   1.14801E-02   1.18465E-02   1.21977E-02   1.25338E-02   1.28507E-02   1.31494E-02   1.34267E-02   1.36851E-02   1.39222E-02   1.41413E-02   1.43407E-02   1.45233E-02   1.46878E-02   1.48363E-02   1.49674E-02   1.50824E-02   1.51794E-02   1.52588E-02   1.53189E-02   1.53596E-02   1.53800E-02   1.53800E-02   1.53596E-02   1.53189E-02   1.52588E-02   1.51794E-02   1.50824E-02   1.49674E-02   1.48363E-02   1.46878E-02   1.45233E-02   1.43407E-02   1.41413E-02   1.39222E-02   1.36851E-02   1.34267E-02   1.31494E-02   1.28507E-02   1.25338E-02   1.21977E-02   1.18465E-02   1.14801E-02   1.11028E-02   1.07153E-02   1.03214E-02   9.92235E-03   9.52134E-03   9.12053E-03   8.72199E-03   8.32866E-03   7.94136E-03   7.56368E-03   7.19497E-03   6.83935E-03   6.49473E-03   6.16557E-03   5.84830E-03   5.54707E-03   5.25717E-03   4.98227E-03   4.71764E-03   4.46600E-03   4.22388E-03   3.99227E-03   3.77102E-03   3.55738E-03   3.35705E-03   3.16065E-03   2.98361E-03   2.80480E-03   2.65353E-03   2.48971E-03   2.36255E-03   2.20637E-03   2.09921E-03   1.94583E-03   1.86333E-03   1.72017E-03   1.67730E-03   1.54764E-03   1.53678E-03   1.38244E-03   1.36031E-03   1.16613E-03   1.19775E-03
  1.19739E-03   1.16582E-03   1.36000E-03   1.38212E-03   1.53641E-03   1.54735E-03   1.67700E-03   1.71986E-03   1.86293E-03   1.94535E-03   2.09857E-03   2.20563E-03   2.36164E-03   2.48873E-03   2.65239E-03   2.80351E-03   2.98213E-03   3.15903E-03   3.35522E-03   3.55543E-03   3.76891E-03   3.99003E-03   4.22153E-03   4.46368E-03   4.71540E-03   4.98014E-03   5.25508E-03   5.54509E-03   5.84636E-03   6.16365E-03   6.49274E-03   6.83736E-03   7.19303E-03   7.56191E-03   7.93978E-03   8.32725E-03   8.72062E-03   9.11907E-03   9.51963E-03   9.92034E-03   1.03191E-02   1.07131E-02   1.11009E-02   1.14789E-02   1.18461E-02   1.21983E-02   1.25352E-02   1.28527E-02   1.31518E-02   1.34294E-02   1.36878E-02   1.39252E-02   1.41444E-02   1.43442E-02   1.45274E-02   1.46925E-02   1.48415E-02   1.49727E-02   1.50874E-02   1.51838E-02   1.52625E-02   1.53220E-02   1.53623E-02   1.53825E-02   1.53825E-02   1.53623E-02   1.53220E-02   1.52625E-02   1.51838E-02   1.50874E-02   1.49727E-02   1.48415E-02   1.46925E-02   1.45274E-02   1.43442E-02   1.41444E-02   1.39252E-02   1.36878E-02   1.34294E-02   1.31518E-02   1.28527E-02   1.25352E-02   1.21983E-02   1.18461E-02   1.14789E-02   1.11009E-02   1.07131E-02   1.03191E-02   9.92034E-03   9.51963E-03   9.11907E-03   8.72062E-03   8.32725E-03   7.93978E-03   7.56191E-03   7.19303E-03   6.83736E-03   6.49274E-03   6.16365E-03   5.84636E-03   5.54509E-03   5.25508E-03   4.98014E-03   4.71540E-03   4.46368E-03   4.22153E-03   3.99003E-03   3.76891E-03   3.55543E-03   3.35522E-03   3.15903E-03   2.98213E-03   2.80351E-03   2.65239E-03   2.48873E-03   2.36164E-03   2.20563E-03   2.09857E-03   1.94535E-03   1.86293E-03   1.71986E-03   1.67700E-03   1.54735E-03   1.53641E-03   1.38212E-03   1.36000E-03   1.16582E-03   1.19739E-03
  1.19747E-03   1.16591E-03   1.36004E-03   1.38215E-03   1.53649E-03   1.54746E-03   1.67703E-03   1.71981E-03   1.86280E-03   1.94517E-03   2.09831E-03   2.20532E-03   2.36123E-03   2.48824E-03   2.65176E-03   2.80281E-03   2.98136E-03   3.15821E-03   3.35434E-03   3.55447E-03   3.76787E-03   3.98896E-03   4.22043E-03   4.46262E-03   4.71440E-03   4.97919E-03   5.25407E-03   5.54398E-03   5.84516E-03   6.16238E-03   6.49139E-03   6.83595E-03   7.19161E-03   7.56051E-03   7.93832E-03   8.32563E-03   8.71875E-03   9.11692E-03   9.51727E-03   9.91793E-03   1.03169E-02   1.07113E-02   1.10996E-02   1.14782E-02   1.18460E-02   1.21986E-02   1.25359E-02   1.28536E-02   1.31529E-02   1.34308E-02   1.36894E-02   1.39270E-02   1.41464E-02   1.43464E-02   1.45297E-02   1.46950E-02   1.48443E-02   1.49758E-02   1.50907E-02   1.51872E-02   1.52657E-02   1.53249E-02   1.53650E-02   1.53850E-02   1.53850E-02   1.53650E-02   1.53249E-02   1.52657E-02   1.51872E-02   1.50907E-02   1.49758E-02   1.48443E-02   1.46950E-02   1.45297E-02   1.43464E-02   1.41464E-02   1.39270E-02   1.36894E-02   1.34308E-02   1.31529E-02   1.28536E-02   1.25359E-02   1.21986E-02   1.18460E-02   1.14782E-02   1.10996E-02   1.07113E-02   1.03169E-02   9.91793E-03   9.51727E-03   9.11692E-03   8.71875E-03   8.32563E-03   7.93832E-03   7.56051E-03   7.19161E-03   6.83595E-03   6.49139E-03   6.16238E-03   5.84516E-03   5.54398E-03   5.25407E-03   4.97919E-03   4.71440E-03   4.46262E-03   4.22043E-03   3.98896E-03   3.76787E-03   3.55447E-03   3.35434E-03   3.15821E-03   2.98136E-03   2.80281E-03   2.65176E-03   2.48824E-03   2.36123E-03   2.20532E-03   2.09831E-03   1.94517E-03   1.86280E-03   1.71981E-03   1.67703E-03   1.54746E-03   1.53649E-03   1.38215E-03   1.36004E-03   1.16591E-03   1.19747E-03
  1.19765E-03   1.16608E-03   1.36025E-03   1.38235E-03   1.53670E-03   1.54765E-03   1.67723E-03   1.72001E-03   1.86301E-03   1.94539E-03   2.09853E-03   2.20556E-03   2.36150E-03   2.48855E-03   2.65216E-03   2.80335E-03   2.98202E-03   3.15898E-03   3.35522E-03   3.55546E-03   3.76896E-03   3.99014E-03   4.22163E-03   4.46377E-03   4.71546E-03   4.98013E-03   5.25481E-03   5.54447E-03   5.84543E-03   6.16254E-03   6.49153E-03   6.83609E-03   7.19174E-03   7.56061E-03   7.93837E-03   8.32561E-03   8.71863E-03   9.11671E-03   9.51701E-03   9.91770E-03   1.03168E-02   1.07113E-02   1.10997E-02   1.14782E-02   1.18458E-02   1.21982E-02   1.25352E-02   1.28529E-02   1.31522E-02   1.34302E-02   1.36891E-02   1.39267E-02   1.41462E-02   1.43460E-02   1.45291E-02   1.46940E-02   1.48430E-02   1.49744E-02   1.50893E-02   1.51860E-02   1.52647E-02   1.53240E-02   1.53640E-02   1.53840E-02   1.53840E-02   1.53640E-02   1.53240E-02   1.52647E-02   1.51860E-02   1.50893E-02   1.49744E-02   1.48430E-02   1.46940E-02   1.45291E-02   1.43460E-02   1.41462E-02   1.39267E-02   1.36891E-02   1.34302E-02   1.31522E-02   1.28529E-02   1.25352E-02   1.21982E-02   1.18458E-02   1.14782E-02   1.10997E-02   1.07113E-02   1.03168E-02   9.91770E-03   9.51701E-03   9.11671E-03   8.71863E-03   8.32561E-03   7.93837E-03   7.56061E-03   7.19174E-03   6.83609E-03   6.49153E-03   6.16254E-03   5.84543E-03   5.54447E-03   5.25481E-03   4.98013E-03   4.71546E-03   4.46377E-03   4.22163E-03   3.99014E-03   3.76896E-03   3.55546E-03   3.35522E-03   3.15898E-03   2.98202E-03   2.80335E-03   2.65216E-03   2.48855E-03   2.36150E-03   2.20556E-03   2.09853E-03   1.94539E-03   1.86301E-03   1.72001E-03   1.67723E-03   1.54765E-03   1.53670E-03   1.38235E-03   1.36025E-03   1.16608E-03   1.19765E-03
  1.19802E-03   1.16640E-03   1.36058E-03   1.38271E-03   1.53712E-03   1.54807E-03   1.67771E-03   1.72053E-03   1.86358E-03   1.94600E-03   2.09924E-03   2.20635E-03   2.36238E-03   2.48950E-03   2.65317E-03   2.80441E-03   2.98313E-03   3.16014E-03   3.35644E-03   3.55673E-03   3.77026E-03   3.99145E-03   4.22294E-03   4.46505E-03   4.71668E-03   4.98135E-03   5.25609E-03   5.54585E-03   5.84691E-03   6.16413E-03   6.49319E-03   6.83774E-03   7.19328E-03   7.56197E-03   7.93953E-03   8.32660E-03   8.71952E-03   9.11760E-03   9.51801E-03   9.91884E-03   1.03180E-02   1.07125E-02   1.11007E-02   1.14789E-02   1.18461E-02   1.21980E-02   1.25347E-02   1.28522E-02   1.31514E-02   1.34293E-02   1.36881E-02   1.39256E-02   1.41447E-02   1.43442E-02   1.45268E-02   1.46912E-02   1.48397E-02   1.49706E-02   1.50853E-02   1.51818E-02   1.52606E-02   1.53200E-02   1.53602E-02   1.53802E-02   1.53802E-02   1.53602E-02   1.53200E-02   1.52606E-02   1.51818E-02   1.50853E-02   1.49706E-02   1.48397E-02   1.46912E-02   1.45268E-02   1.43442E-02   1.41447E-02   1.39256E-02   1.36881E-02   1.34293E-02   1.31514E-02   1.28522E-02   1.25347E-02   1.21980E-02   1.18461E-02   1.14789E-02   1.11007E-02   1.07125E-02   1.03180E-02   9.91884E-03   9.51801E-03   9.11760E-03   8.71952E-03   8.32660E-03   7.93953E-03   7.56197E-03   7.19328E-03   6.83774E-03   6.49319E-03   6.16413E-03   5.84691E-03   5.54585E-03   5.25609E-03   4.98135E-03   4.71668E-03   4.46505E-03   4.22294E-03   3.99145E-03   3.77026E-03   3.55673E-03   3.35644E-03   3.16014E-03   2.98313E-03   2.80441E-03   2.65317E-03   2.48950E-03   2.36238E-03   2.20635E-03   2.09924E-03   1.94600E-03   1.86358E-03   1.72053E-03   1.67771E-03   1.54807E-03   1.53712E-03   1.38271E-03   1.36058E-03   1.16640E-03   1.19802E-03
  1.19802E-03   1.16641E-03   1.36063E-03   1.38275E-03   1.53719E-03   1.54819E-03   1.67787E-03   1.72070E-03   1.86381E-03   1.94628E-03   2.09956E-03   2.20668E-03   2.36272E-03   2.48984E-03   2.65351E-03   2.80474E-03   2.98346E-03   3.16045E-03   3.35673E-03   3.55698E-03   3.77046E-03   3.99157E-03   4.22298E-03   4.46501E-03   4.71657E-03   4.98119E-03   5.25590E-03   5.54564E-03   5.84665E-03   6.16380E-03   6.49282E-03   6.83736E-03   7.19287E-03   7.56154E-03   7.93913E-03   8.32633E-03   8.71947E-03   9.11781E-03   9.51841E-03   9.91932E-03   1.03184E-02   1.07126E-02   1.11007E-02   1.14786E-02   1.18457E-02   1.21977E-02   1.25345E-02   1.28521E-02   1.31515E-02   1.34296E-02   1.36884E-02   1.39260E-02   1.41452E-02   1.43446E-02   1.45270E-02   1.46913E-02   1.48396E-02   1.49703E-02   1.50847E-02   1.51810E-02   1.52598E-02   1.53194E-02   1.53598E-02   1.53801E-02   1.53801E-02   1.53598E-02   1.53194E-02   1.52598E-02   1.51810E-02   1.50847E-02   1.49703E-02   1.48396E-02   1.46913E-02   1.45270E-02   1.43446E-02   1.41452E-02   1.39260E-02   1.36884E-02   1.34296E-02   1.31515E-02   1.28521E-02   1.25345E-02   1.21977E-02   1.18457E-02   1.14786E-02   1.11007E-02   1.07126E-02   1.03184E-02   9.91932E-03   9.51841E-03   9.11781E-03   8.71947E-03   8.32633E-03   7.93913E-03   7.56154E-03   7.19287E-03   6.83736E-03   6.49282E-03   6.16380E-03   5.84665E-03   5.54564E-03   5.25590E-03   4.98119E-03   4.71657E-03   4.46501E-03   4.22298E-03   3.99157E-03   3.77046E-03   3.55698E-03   3.35673E-03   3.16045E-03   2.98346E-03   2.80474E-03   2.65351E-03   2.48984E-03   2.36272E-03   2.20668E-03   2.09956E-03   1.94628E-03   1.86381E-03   1.72070E-03   1.67787E-03   1.54819E-03   1.53719E-03   1.38275E-03   1.36063E-03   1.16641E-03   1.19802E-03
  1.19802E-03   1.16640E-03   1.36060E-03   1.38274E-03   1.53722E-03   1.54826E-03   1.67798E-03   1.72085E-03   1.86402E-03   1.94652E-03   2.09984E-03   2.20699E-03   2.36306E-03   2.49020E-03   2.65388E-03   2.80509E-03   2.98380E-03   3.16077E-03   3.35701E-03   3.55720E-03   3.77065E-03   3.99171E-03   4.22310E-03   4.46511E-03   4.71667E-03   4.98127E-03   5.25599E-03   5.54573E-03   5.84672E-03   6.16381E-03   6.49275E-03   6.83721E-03   7.19270E-03   7.56141E-03   7.93909E-03   8.32641E-03   8.71966E-03   9.11806E-03   9.51864E-03   9.91944E-03   1.03183E-02   1.07125E-02   1.11004E-02   1.14784E-02   1.18456E-02   1.21977E-02   1.25346E-02   1.28522E-02   1.31516E-02   1.34295E-02   1.36883E-02   1.39257E-02   1.41449E-02   1.43443E-02   1.45268E-02   1.46912E-02   1.48396E-02   1.49703E-02   1.50846E-02   1.51808E-02   1.52593E-02   1.53187E-02   1.53590E-02   1.53791E-02   1.53791E-02   1.53590E-02   1.53187E-02   1.52593E-02   1.51808E-02   1.50846E-02   1.49703E-02   1.48396E-02   1.46912E-02   1.45268E-02   1.43443E-02   1.41449E-02   1.39257E-02   1.36883E-02   1.34295E-02   1.31516E-02   1.28522E-02   1.25346E-02   1.21977E-02   1.18456E-02   1.14784E-02   1.11004E-02   1.07125E-02   1.03183E-02   9.91944E-03   9.51864E-03   9.11806E-03   8.71966E-03   8.32641E-03   7.93909E-03   7.56141E-03   7.19270E-03   6.83721E-03   6.49275E-03   6.16381E-03   5.84672E-03   5.54573E-03   5.25599E-03   4.98127E-03   4.71667E-03   4.46511E-03   4.22310E-03   3.99171E-03   3.77065E-03   3.55720E-03   3.35701E-03   3.16077E-03   2.98380E-03   2.80509E-03   2.65388E-03   2.49020E-03   2.36306E-03   2.20699E-03   2.09984E-03   1.94652E-03   1.86402E-03   1.72085E-03   1.67798E-03   1.54826E-03   1.53722E-03   1.38274E-03   1.36060E-03   1.16640E-03   1.19802E-03
  1.19794E-03   1.16635E-03   1.36058E-03   1.38276E-03   1.53729E-03   1.54837E-03   1.67815E-03   1.72107E-03   1.86429E-03   1.94684E-03   2.10020E-03   2.20736E-03   2.36345E-03   2.49058E-03   2.65429E-03   2.80550E-03   2.98420E-03   3.16114E-03   3.35737E-03   3.55755E-03   3.77101E-03   3.99209E-03   4.22352E-03   4.46558E-03   4.71722E-03   4.98190E-03   5.25668E-03   5.54645E-03   5.84743E-03   6.16447E-03   6.49334E-03   6.83779E-03   7.19333E-03   7.56211E-03   7.93983E-03   8.32711E-03   8.72023E-03   9.11843E-03   9.51879E-03   9.91940E-03   1.03182E-02   1.07123E-02   1.11002E-02   1.14783E-02   1.18455E-02   1.21976E-02   1.25345E-02   1.28520E-02   1.31512E-02   1.34290E-02   1.36875E-02   1.39248E-02   1.41438E-02   1.43432E-02   1.45258E-02   1.46904E-02   1.48389E-02   1.49697E-02   1.50841E-02   1.51802E-02   1.52585E-02   1.53175E-02   1.53574E-02   1.53773E-02   1.53773E-02   1.53574E-02   1.53175E-02   1.52585E-02   1.51802E-02   1.50841E-02   1.49697E-02   1.48389E-02   1.46904E-02   1.45258E-02   1.43432E-02   1.41438E-02   1.39248E-02   1.36875E-02   1.34290E-02   1.31512E-02   1.28520E-02   1.25345E-02   1.21976E-02   1.18455E-02   1.14783E-02   1.11002E-02   1.07123E-02   1.03182E-02   9.91940E-03   9.51879E-03   9.11843E-03   8.72023E-03   8.32711E-03   7.93983E-03   7.56211E-03   7.19333E-03   6.83779E-03   6.49334E-03   6.16447E-03   5.84743E-03   5.54645E-03   5.25668E-03   4.98190E-03   4.71722E-03   4.46558E-03   4.22352E-03   3.99209E-03   3.77101E-03   3.55755E-03   3.35737E-03   3.16114E-03   2.98420E-03   2.80550E-03   2.65429E-03   2.49058E-03   2.36345E-03   2.20736E-03   2.10020E-03   1.94684E-03   1.86429E-03   1.72107E-03   1.67815E-03   1.54837E-03   1.53729E-03   1.38276E-03   1.36058E-03   1.16635E-03   1.19794E-03
  1.19775E-03   1.16618E-03   1.36039E-03   1.38260E-03   1.53715E-03   1.54826E-03   1.67805E-03   1.72100E-03   1.86423E-03   1.94677E-03   2.10009E-03   2.20722E-03   2.36329E-03   2.49040E-03   2.65408E-03   2.80526E-03   2.98392E-03   3.16082E-03   3.35703E-03   3.55719E-03   3.77065E-03   3.99175E-03   4.22320E-03   4.46529E-03   4.71694E-03   4.98161E-03   5.25635E-03   5.54606E-03   5.84699E-03   6.16400E-03   6.49286E-03   6.83732E-03   7.19291E-03   7.56176E-03   7.93953E-03   8.32681E-03   8.71989E-03   9.11802E-03   9.51834E-03   9.91894E-03   1.03178E-02   1.07119E-02   1.10999E-02   1.14780E-02   1.18452E-02   1.21974E-02   1.25343E-02   1.28518E-02   1.31510E-02   1.34288E-02   1.36874E-02   1.39247E-02   1.41438E-02   1.43434E-02   1.45263E-02   1.46912E-02   1.48400E-02   1.49712E-02   1.50858E-02   1.51820E-02   1.52603E-02   1.53192E-02   1.53589E-02   1.53787E-02   1.53787E-02   1.53589E-02   1.53192E-02   1.52603E-02   1.51820E-02   1.50858E-02   1.49712E-02   1.48400E-02   1.46912E-02   1.45263E-02   1.43434E-02   1.41438E-02   1.39247E-02   1.36874E-02   1.34288E-02   1.31510E-02   1.28518E-02   1.25343E-02   1.21974E-02   1.18452E-02   1.14780E-02   1.10999E-02   1.07119E-02   1.03178E-02   9.91894E-03   9.51834E-03   9.11802E-03   8.71989E-03   8.32681E-03   7.93953E-03   7.56176E-03   7.19291E-03   6.83732E-03   6.49286E-03   6.16400E-03   5.84699E-03   5.54606E-03   5.25635E-03   4.98161E-03   4.71694E-03   4.46529E-03   4.22320E-03   3.99175E-03   3.77065E-03   3.55719E-03   3.35703E-03   3.16082E-03   2.98392E-03   2.80526E-03   2.65408E-03   2.49040E-03   2.36329E-03   2.20722E-03   2.10009E-03   1.94677E-03   1.86423E-03   1.72100E-03   1.67805E-03   1.54826E-03   1.53715E-03   1.38260E-03   1.36039E-03   1.16618E-03   1.19775E-03
  1.19767E-03   1.16611E-03   1.36032E-03   1.38252E-03   1.53707E-03   1.54818E-03   1.67795E-03   1.72088E-03   1.86409E-03   1.94660E-03   2.09990E-03   2.20702E-03   2.36306E-03   2.49016E-03   2.65381E-03   2.80497E-03   2.98363E-03   3.16054E-03   3.35676E-03   3.55695E-03   3.77047E-03   3.99163E-03   4.22316E-03   4.46532E-03   4.71702E-03   4.98174E-03   5.25653E-03   5.54630E-03   5.84730E-03   6.16436E-03   6.49324E-03   6.83767E-03   7.19317E-03   7.56192E-03   7.93961E-03   8.32682E-03   8.71985E-03   9.11796E-03   9.51827E-03   9.91890E-03   1.03178E-02   1.07119E-02   1.10999E-02   1.14780E-02   1.18452E-02   1.21973E-02   1.25341E-02   1.28516E-02   1.31508E-02   1.34285E-02   1.36870E-02   1.39244E-02   1.41436E-02   1.43433E-02   1.45263E-02   1.46912E-02   1.48401E-02   1.49714E-02   1.50861E-02   1.51824E-02   1.52608E-02   1.53198E-02   1.53596E-02   1.53794E-02   1.53794E-02   1.53596E-02   1.53198E-02   1.52608E-02   1.51824E-02   1.50861E-02   1.49714E-02   1.48401E-02   1.46912E-02   1.45263E-02   1.43433E-02   1.41436E-02   1.39244E-02   1.36870E-02   1.34285E-02   1.31508E-02   1.28516E-02   1.25341E-02   1.21973E-02   1.18452E-02   1.14780E-02   1.10999E-02   1.07119E-02   1.03178E-02   9.91890E-03   9.51827E-03   9.11796E-03   8.71985E-03   8.32682E-03   7.93961E-03   7.56192E-03   7.19317E-03   6.83767E-03   6.49324E-03   6.16436E-03   5.84730E-03   5.54630E-03   5.25653E-03   4.98174E-03   4.71702E-03   4.46532E-03   4.22316E-03   3.99163E-03   3.77047E-03   3.55695E-03   3.35676E-03   3.16054E-03   2.98363E-03   2.80497E-03   2.65381E-03   2.49016E-03   2.36306E-03   2.20702E-03   2.09990E-03   1.94660E-03   1.86409E-03   1.72088E-03   1.67795E-03   1.54818E-03   1.53707E-03   1.38252E-03   1.36032E-03   1.16611E-03   1.19767E-03
  1.19763E-03   1.16607E-03   1.36025E-03   1.38243E-03   1.53696E-03   1.54805E-03   1.67781E-03   1.72074E-03   1.86393E-03   1.94644E-03   2.09972E-03   2.20682E-03   2.36284E-03   2.48992E-03   2.65355E-03   2.80472E-03   2.98340E-03   3.16036E-03   3.35664E-03   3.55689E-03   3.77046E-03   3.99168E-03   4.22324E-03   4.46542E-03   4.71714E-03   4.98188E-03   5.25670E-03   5.54650E-03   5.84753E-03   6.16461E-03   6.49347E-03   6.83784E-03   7.19324E-03   7.56187E-03   7.93945E-03   8.32661E-03   8.71962E-03   9.11774E-03   9.51808E-03   9.91874E-03   1.03176E-02   1.07118E-02   1.10998E-02   1.14779E-02   1.18451E-02   1.21971E-02   1.25339E-02   1.28514E-02   1.31506E-02   1.34284E-02   1.36871E-02   1.39246E-02   1.41438E-02   1.43435E-02   1.45265E-02   1.46914E-02   1.48403E-02   1.49715E-02   1.50862E-02   1.51826E-02   1.52611E-02   1.53203E-02   1.53603E-02   1.53802E-02   1.53802E-02   1.53603E-02   1.53203E-02   1.52611E-02   1.51826E-02   1.50862E-02   1.49715E-02   1.48403E-02   1.46914E-02   1.45265E-02   1.43435E-02   1.41438E-02   1.39246E-02   1.36871E-02   1.34284E-02   1.31506E-02   1.28514E-02   1.25339E-02   1.21971E-02   1.18451E-02   1.14779E-02   1.10998E-02   1.07118E-02   1.03176E-02   9.91874E-03   9.51808E-03   9.11774E-03   8.71962E-03   8.32661E-03   7.93945E-03   7.56187E-03   7.19324E-03   6.83784E-03   6.49347E-03   6.16461E-03   5.84753E-03   5.54650E-03   5.25670E-03   4.98188E-03   4.71714E-03   4.46542E-03   4.22324E-03   3.99168E-03   3.77046E-03   3.55689E-03   3.35664E-03   3.16036E-03   2.98340E-03   2.80472E-03   2.65355E-03   2.48992E-03   2.36284E-03   2.20682E-03   2.09972E-03   1.94644E-03   1.86393E-03   1.72074E-03   1.67781E-03   1.54805E-03   1.53696E-03   1.38243E-03   1.36025E-03   1.16607E-03   1.19763E-03
  1.19761E-03   1.16604E-03   1.36020E-03   1.38236E-03   1.53686E-03   1.54794E-03   1.67768E-03   1.72060E-03   1.86376E-03   1.94625E-03   2.09950E-03   2.20659E-03   2.36258E-03   2.48965E-03   2.65328E-03   2.80447E-03   2.98316E-03   3.16015E-03   3.35643E-03   3.55670E-03   3.77025E-03   3.99144E-03   4.22297E-03   4.46513E-03   4.71684E-03   4.98159E-03   5.25643E-03   5.54626E-03   5.84730E-03   6.16438E-03   6.49321E-03   6.83755E-03   7.19291E-03   7.56150E-03   7.93906E-03   8.32624E-03   8.71931E-03   9.11752E-03   9.51796E-03   9.91871E-03   1.03177E-02   1.07119E-02   1.11000E-02   1.14781E-02   1.18453E-02   1.21973E-02   1.25341E-02   1.28517E-02   1.31509E-02   1.34289E-02   1.36876E-02   1.39252E-02   1.41445E-02   1.43442E-02   1.45271E-02   1.46919E-02   1.48407E-02   1.49718E-02   1.50864E-02   1.51828E-02   1.52614E-02   1.53206E-02   1.53607E-02   1.53807E-02   1.53807E-02   1.53607E-02   1.53206E-02   1.52614E-02   1.51828E-02   1.50864E-02   1.49718E-02   1.48407E-02   1.46919E-02   1.45271E-02   1.43442E-02   1.41445E-02   1.39252E-02   1.36876E-02   1.34289E-02   1.31509E-02   1.28517E-02   1.25341E-02   1.21973E-02   1.18453E-02   1.14781E-02   1.11000E-02   1.07119E-02   1.03177E-02   9.91871E-03   9.51796E-03   9.11752E-03   8.71931E-03   8.32624E-03   7.93906E-03   7.56150E-03   7.19291E-03   6.83755E-03   6.49321E-03   6.16438E-03   5.84730E-03   5.54626E-03   5.25643E-03   4.98159E-03   4.71684E-03   4.46513E-03   4.22297E-03   3.99144E-03   3.77025E-03   3.55670E-03   3.35643E-03   3.16015E-03   2.98316E-03   2.80447E-03   2.65328E-03   2.48965E-03   2.36258E-03   2.20659E-03   2.09950E-03   1.94625E-03   1.86376E-03   1.72060E-03   1.67768E-03   1.54794E-03   1.53686E-03   1.38236E-03   1.36020E-03   1.16604E-03   1.19761E-03
  1.19760E-03   1.16602E-03   1.36015E-03   1.38229E-03   1.53677E-03   1.54785E-03   1.67757E-03   1.72048E-03   1.86363E-03   1.94611E-03   2.09936E-03   2.20645E-03   2.36244E-03   2.48952E-03   2.65316E-03   2.80436E-03   2.98305E-03   3.16003E-03   3.35630E-03   3.55655E-03   3.77007E-03   3.99124E-03   4.22275E-03   4.46491E-03   4.71664E-03   4.98142E-03   5.25628E-03   5.54613E-03   5.84717E-03   6.16423E-03   6.49303E-03   6.83734E-03   7.19267E-03   7.56125E-03   7.93879E-03   8.32597E-03   8.71907E-03   9.11735E-03   9.51787E-03   9.91872E-03   1.03178E-02   1.07121E-02   1.11002E-02   1.14783E-02   1.18455E-02   1.21976E-02   1.25344E-02   1.28519E-02   1.31513E-02   1.34293E-02   1.36881E-02   1.39257E-02   1.41451E-02   1.43447E-02   1.45276E-02   1.46923E-02   1.48409E-02   1.49720E-02   1.50865E-02   1.51829E-02   1.52614E-02   1.53206E-02   1.53607E-02   1.53807E-02   1.53807E-02   1.53607E-02   1.53206E-02   1.52614E-02   1.51829E-02   1.50865E-02   1.49720E-02   1.48409E-02   1.46923E-02   1.45276E-02   1.43447E-02   1.41451E-02   1.39257E-02   1.36881E-02   1.34293E-02   1.31513E-02   1.28519E-02   1.25344E-02   1.21976E-02   1.18455E-02   1.14783E-02   1.11002E-02   1.07121E-02   1.03178E-02   9.91872E-03   9.51787E-03   9.11735E-03   8.71907E-03   8.32597E-03   7.93879E-03   7.56125E-03   7.19267E-03   6.83734E-03   6.49303E-03   6.16423E-03   5.84717E-03   5.54613E-03   5.25628E-03   4.98142E-03   4.71664E-03   4.46491E-03   4.22275E-03   3.99124E-03   3.77007E-03   3.55655E-03   3.35630E-03   3.16003E-03   2.98305E-03   2.80436E-03   2.65316E-03   2.48952E-03   2.36244E-03   2.20645E-03   2.09936E-03   1.94611E-03   1.86363E-03   1.72048E-03   1.67757E-03   1.54785E-03   1.53677E-03   1.38229E-03   1.36015E-03   1.16602E-03   1.19760E-03
