  3.38191E-18 
 -1.38896E-19 
 -1.56627E-17 
 -6.38842E-18 
 -6.63599E-18 
 -9.57682E-18 
 -1.53878E-17 
  2.36683E-18 
  1.11432E-17 
 -1.29065E-17 
 -2.11050E-17 
 -2.26542E-17 
 -5.24577E-18 
  9.97537E-18 
 -2.98158E-18 
  2.07474E-17 
  4.01199E-18 
 -4.40937E-18 
  8.78102E-18 
  1.72739E-17 
 -2.15213E-19 
  2.92897E-17 
  1.18271E-17 
  8.84530E-18 
 -6.87997E-18 
  6.48048E-18 
  1.15911E-18 
  1.39917E-18 
  1.08731E-17 
  9.12752E-18 
  2.46705E-17 
 -7.41274E-18 
 -1.13038E-17 
 -1.11691E-17 
 -1.18655E-17 
  4.30768E-18 
  6.89469E-18 
 -1.79678E-19 
 -5.60815E-18 
  3.97473E-18 
  2.19572E-18 
 -9.92328E-18 
 -3.23079E-17 
 -9.66893E-18 
  1.46298E-17 
 -2.61778E-19 
  2.14377E-17 
 -1.04988E-17 
  1.20821E-17 
  2.51728E-18 
