 -7.30947E-19 
  5.99042E-19 
  7.63104E-19 
  2.61296E-19 
 -3.18496E-19 
  3.07483E-19 
  3.39166E-19 
  5.15534E-19 
  5.15448E-19 
  4.41690E-19 
  1.49890E-19 
  1.71869E-19 
  2.40424E-19 
 -1.80137E-19 
  2.24676E-19 
  5.55634E-19 
  5.37158E-19 
  7.10862E-19 
  1.66852E-19 
  1.36103E-19 
  3.78392E-19 
  6.49742E-19 
  4.78987E-19 
  4.73227E-19 
  6.43108E-19 
  8.19798E-20 
  5.05728E-19 
  6.71781E-19 
  3.99838E-19 
  2.56248E-19 
  8.92644E-19 
  6.05248E-19 
  5.72559E-19 
  6.85816E-19 
  6.31223E-19 
  6.44858E-19 
  6.05653E-19 
  1.13830E-19 
  4.47004E-19 
  3.85541E-19 
  4.35554E-19 
  1.97784E-19 
  6.17374E-19 
  5.77875E-19 
  5.26211E-19 
  1.66021E-19 
  5.88173E-19 
  5.10656E-19 
  4.10475E-19 
  6.00756E-19 
