  3.97678E-07   4.05717E-06   9.64646E-06   1.02986E-05   9.57225E-07   6.62716E-10   7.49947E-06   7.81212E-05   5.76807E-06   1.66849E-08   5.08023E-09   9.29973E-07   1.04255E-05   1.63099E-04   3.95147E-06   6.18512E-06   8.69218E-06   4.83741E-04   2.30324E-03   2.96728E-04   9.93012E-04   5.43263E-06   4.09580E-02   4.54650E-01   4.54650E-01   4.09580E-02   5.43263E-06   9.93012E-04   2.96728E-04   2.30324E-03   4.83741E-04   8.69218E-06   6.18512E-06   3.95147E-06   1.63099E-04   1.04255E-05   9.29973E-07   5.08023E-09   1.66849E-08   5.76807E-06   7.81212E-05   7.49947E-06   6.62716E-10   9.57225E-07   1.02986E-05   9.64646E-06   4.05717E-06   3.97678E-07
  1.13367E-07   2.81277E-06   6.06759E-06   1.02679E-05   7.42403E-07   3.20806E-10   6.20716E-06   1.84463E-05   3.87894E-06   4.02633E-07   3.64134E-09   3.46277E-07   3.70652E-06   1.52392E-04   2.63381E-06   5.98422E-06   8.66004E-06   2.74283E-04   2.12322E-03   3.22147E-04   1.19472E-03   1.40415E-05   4.18445E-02   4.54004E-01   4.54004E-01   4.18445E-02   1.40415E-05   1.19472E-03   3.22147E-04   2.12322E-03   2.74283E-04   8.66004E-06   5.98422E-06   2.63381E-06   1.52392E-04   3.70652E-06   3.46277E-07   3.64134E-09   4.02633E-07   3.87894E-06   1.84463E-05   6.20716E-06   3.20806E-10   7.42403E-07   1.02679E-05   6.06759E-06   2.81277E-06   1.13367E-07
  1.49294E-07   1.16315E-05   2.64861E-06   3.06276E-06   3.28949E-07   1.41891E-10   2.50329E-06   2.62129E-05   1.90470E-06   8.80127E-07   7.93287E-10   7.83789E-07   6.98449E-06   1.43264E-04   6.82601E-06   4.68899E-06   7.97863E-06   1.16545E-04   1.85426E-03   3.37322E-04   1.31424E-03   3.10464E-05   4.30713E-02   4.53055E-01   4.53055E-01   4.30713E-02   3.10464E-05   1.31424E-03   3.37322E-04   1.85426E-03   1.16545E-04   7.97863E-06   4.68899E-06   6.82601E-06   1.43264E-04   6.98449E-06   7.83789E-07   7.93287E-10   8.80127E-07   1.90470E-06   2.62129E-05   2.50329E-06   1.41891E-10   3.28949E-07   3.06276E-06   2.64861E-06   1.16315E-05   1.49294E-07
  9.19924E-08   3.60250E-05   1.18481E-06   4.68908E-06   9.99280E-07   2.69589E-09   5.23983E-06   1.86942E-05   3.17073E-06   2.20781E-06   7.67602E-09   1.89981E-06   7.28379E-06   1.36141E-04   2.14027E-05   5.14165E-06   6.84294E-06   1.40419E-04   1.57751E-03   3.21668E-04   1.20744E-03   5.48787E-05   4.45694E-02   4.51878E-01   4.51878E-01   4.45694E-02   5.48787E-05   1.20744E-03   3.21668E-04   1.57751E-03   1.40419E-04   6.84294E-06   5.14165E-06   2.14027E-05   1.36141E-04   7.28379E-06   1.89981E-06   7.67602E-09   2.20781E-06   3.17073E-06   1.86942E-05   5.23983E-06   2.69589E-09   9.99280E-07   4.68908E-06   1.18481E-06   3.60250E-05   9.19924E-08
  2.86874E-07   6.31801E-05   1.09697E-06   9.97916E-06   2.24276E-06   2.79386E-09   1.38717E-05   9.39171E-06   2.27229E-06   3.12484E-06   1.55832E-08   2.69535E-06   8.56275E-06   1.31792E-04   2.14686E-05   1.01174E-05   6.43075E-06   2.40399E-04   1.31914E-03   2.76045E-04   9.40483E-04   7.78508E-05   4.62453E-02   4.50614E-01   4.50614E-01   4.62453E-02   7.78508E-05   9.40483E-04   2.76045E-04   1.31914E-03   2.40399E-04   6.43075E-06   1.01174E-05   2.14686E-05   1.31792E-04   8.56275E-06   2.69535E-06   1.55832E-08   3.12484E-06   2.27229E-06   9.39171E-06   1.38717E-05   2.79386E-09   2.24276E-06   9.97916E-06   1.09697E-06   6.31801E-05   2.86874E-07
  2.66263E-07   6.49363E-05   8.10281E-07   8.59562E-06   2.59733E-06   2.98725E-09   1.63244E-05   1.73921E-05   8.31528E-07   1.44170E-05   6.84151E-08   1.01653E-05   2.61915E-05   1.29077E-04   5.26537E-05   1.93780E-05   6.85429E-06   2.30354E-04   1.07412E-03   2.28846E-04   7.34867E-04   9.67263E-05   4.80307E-02   4.49234E-01   4.49234E-01   4.80307E-02   9.67263E-05   7.34867E-04   2.28846E-04   1.07412E-03   2.30354E-04   6.85429E-06   1.93780E-05   5.26537E-05   1.29077E-04   2.61915E-05   1.01653E-05   6.84151E-08   1.44170E-05   8.31528E-07   1.73921E-05   1.63244E-05   2.98725E-09   2.59733E-06   8.59562E-06   8.10281E-07   6.49363E-05   2.66263E-07
  4.65303E-07   2.21829E-05   6.04876E-07   1.31445E-05   5.50413E-06   1.36939E-09   2.86377E-05   1.39391E-05   1.01499E-06   1.89619E-05   9.85906E-08   1.33905E-05   3.07922E-05   1.25704E-04   8.81181E-05   2.69760E-05   8.34821E-06   1.73775E-04   8.50706E-04   2.31587E-04   7.77391E-04   1.28256E-04   4.98935E-02   4.47547E-01   4.47547E-01   4.98935E-02   1.28256E-04   7.77391E-04   2.31587E-04   8.50706E-04   1.73775E-04   8.34821E-06   2.69760E-05   8.81181E-05   1.25704E-04   3.07922E-05   1.33905E-05   9.85906E-08   1.89619E-05   1.01499E-06   1.39391E-05   2.86377E-05   1.36939E-09   5.50413E-06   1.31445E-05   6.04876E-07   2.21829E-05   4.65303E-07
  2.75988E-07   1.38389E-06   5.78528E-07   1.01543E-05   1.02893E-05   1.83320E-08   6.88102E-05   2.95409E-05   2.08398E-06   3.86343E-05   7.01053E-08   2.58813E-05   7.62601E-05   1.21181E-04   8.16743E-05   2.85891E-05   1.26898E-05   2.55533E-04   6.62788E-04   3.28919E-04   1.07251E-03   2.04173E-04   5.17707E-02   4.45197E-01   4.45197E-01   5.17707E-02   2.04173E-04   1.07251E-03   3.28919E-04   6.62788E-04   2.55533E-04   1.26898E-05   2.85891E-05   8.16743E-05   1.21181E-04   7.62601E-05   2.58813E-05   7.01053E-08   3.86343E-05   2.08398E-06   2.95409E-05   6.88102E-05   1.83320E-08   1.02893E-05   1.01543E-05   5.78528E-07   1.38389E-06   2.75988E-07
  2.95644E-07   2.55615E-06   6.00307E-07   6.22413E-06   4.67985E-06   4.48887E-08   3.39032E-05   3.97886E-05   2.77508E-06   4.58368E-05   7.38316E-08   4.41858E-05   1.03506E-04   1.14495E-04   1.60719E-04   3.48983E-05   2.22228E-05   3.68450E-04   5.23990E-04   5.25725E-04   1.44898E-03   3.37543E-04   5.35977E-02   4.42581E-01   4.42581E-01   5.35977E-02   3.37543E-04   1.44898E-03   5.25725E-04   5.23990E-04   3.68450E-04   2.22228E-05   3.48983E-05   1.60719E-04   1.14495E-04   1.03506E-04   4.41858E-05   7.38316E-08   4.58368E-05   2.77508E-06   3.97886E-05   3.39032E-05   4.48887E-08   4.67985E-06   6.22413E-06   6.00307E-07   2.55615E-06   2.95644E-07
  3.43770E-07   5.14265E-05   1.89154E-06   3.06738E-05   5.00167E-06   2.11652E-08   2.16086E-05   3.94060E-05   5.33431E-06   2.92441E-05   2.34912E-07   3.87501E-05   1.24851E-04   1.08838E-04   1.57315E-04   4.84579E-05   3.55070E-05   3.17573E-04   4.59294E-04   7.78983E-04   1.69033E-03   4.97886E-04   5.52339E-02   4.40323E-01   4.40323E-01   5.52339E-02   4.97886E-04   1.69033E-03   7.78983E-04   4.59294E-04   3.17573E-04   3.55070E-05   4.84579E-05   1.57315E-04   1.08838E-04   1.24851E-04   3.87501E-05   2.34912E-07   2.92441E-05   5.33431E-06   3.94060E-05   2.16086E-05   2.11652E-08   5.00167E-06   3.06738E-05   1.89154E-06   5.14265E-05   3.43770E-07
  1.71151E-06   1.54789E-04   6.27824E-06   2.99964E-05   7.36313E-06   8.22372E-09   2.80673E-05   8.69761E-05   1.08896E-05   4.08183E-05   6.22596E-07   6.66415E-05   2.08187E-04   1.03303E-04   1.32690E-04   5.33609E-05   5.11050E-05   2.51839E-04   4.95804E-04   1.01541E-03   1.68014E-03   6.39947E-04   5.64141E-02   4.38520E-01   4.38520E-01   5.64141E-02   6.39947E-04   1.68014E-03   1.01541E-03   4.95804E-04   2.51839E-04   5.11050E-05   5.33609E-05   1.32690E-04   1.03303E-04   2.08187E-04   6.66415E-05   6.22596E-07   4.08183E-05   1.08896E-05   8.69761E-05   2.80673E-05   8.22372E-09   7.36313E-06   2.99964E-05   6.27824E-06   1.54789E-04   1.71151E-06
  1.45491E-06   2.06948E-05   1.07251E-05   6.73736E-05   1.08428E-06   5.48029E-08   1.36451E-06   5.76994E-05   1.05320E-05   4.57311E-06   1.07685E-06   4.32077E-05   1.35983E-04   1.01030E-04   1.53341E-04   4.19416E-05   6.79179E-05   3.20738E-04   6.40235E-04   1.16558E-03   1.46326E-03   7.69016E-04   5.69789E-02   4.37942E-01   4.37942E-01   5.69789E-02   7.69016E-04   1.46326E-03   1.16558E-03   6.40235E-04   3.20738E-04   6.79179E-05   4.19416E-05   1.53341E-04   1.01030E-04   1.35983E-04   4.32077E-05   1.07685E-06   4.57311E-06   1.05320E-05   5.76994E-05   1.36451E-06   5.48029E-08   1.08428E-06   6.73736E-05   1.07251E-05   2.06948E-05   1.45491E-06
  3.74078E-06   5.96798E-05   1.28956E-05   1.96458E-04   1.21016E-05   1.14517E-07   8.83051E-05   1.34010E-04   1.25171E-05   1.20823E-05   1.49398E-06   3.37814E-05   1.90604E-04   9.69077E-05   6.96888E-05   2.84345E-05   8.23280E-05   3.35547E-04   8.70017E-04   1.20386E-03   1.17100E-03   9.54180E-04   5.66628E-02   4.37767E-01   4.37767E-01   5.66628E-02   9.54180E-04   1.17100E-03   1.20386E-03   8.70017E-04   3.35547E-04   8.23280E-05   2.84345E-05   6.96888E-05   9.69077E-05   1.90604E-04   3.37814E-05   1.49398E-06   1.20823E-05   1.25171E-05   1.34010E-04   8.83051E-05   1.14517E-07   1.21016E-05   1.96458E-04   1.28956E-05   5.96798E-05   3.74078E-06
  2.88448E-06   4.35355E-05   1.49280E-05   2.98908E-05   1.32785E-07   1.81831E-07   2.33659E-05   1.85026E-04   2.71768E-05   6.26366E-08   1.64578E-06   1.56837E-05   1.11718E-04   9.19588E-05   2.68324E-05   2.12818E-05   9.19851E-05   2.22938E-04   1.14005E-03   1.17245E-03   9.18096E-04   1.26415E-03   5.56097E-02   4.38984E-01   4.38984E-01   5.56097E-02   1.26415E-03   9.18096E-04   1.17245E-03   1.14005E-03   2.22938E-04   9.19851E-05   2.12818E-05   2.68324E-05   9.19588E-05   1.11718E-04   1.56837E-05   1.64578E-06   6.26366E-08   2.71768E-05   1.85026E-04   2.33659E-05   1.81831E-07   1.32785E-07   2.98908E-05   1.49280E-05   4.35355E-05   2.88448E-06
  1.40961E-06   7.74289E-05   2.71424E-05   1.39904E-04   3.21552E-05   4.93665E-07   2.36605E-05   1.07804E-04   2.92369E-05   3.73401E-06   2.56436E-06   1.98193E-06   5.15065E-05   8.09623E-05   6.60450E-06   1.91930E-05   9.88068E-05   1.50411E-04   1.37475E-03   1.14453E-03   7.34557E-04   1.67523E-03   5.39112E-02   4.40305E-01   4.40305E-01   5.39112E-02   1.67523E-03   7.34557E-04   1.14453E-03   1.37475E-03   1.50411E-04   9.88068E-05   1.91930E-05   6.60450E-06   8.09623E-05   5.15065E-05   1.98193E-06   2.56436E-06   3.73401E-06   2.92369E-05   1.07804E-04   2.36605E-05   4.93665E-07   3.21552E-05   1.39904E-04   2.71424E-05   7.74289E-05   1.40961E-06
  2.72860E-06   2.46360E-04   4.44484E-05   4.23113E-05   2.21347E-07   2.38273E-07   1.16874E-05   3.55561E-04   2.05489E-05   3.37567E-07   2.47364E-06   1.67087E-06   2.63643E-05   6.73336E-05   1.22311E-05   1.78307E-05   1.07971E-04   1.38520E-04   1.49402E-03   1.18519E-03   5.97109E-04   2.08505E-03   5.20582E-02   4.41482E-01   4.41482E-01   5.20582E-02   2.08505E-03   5.97109E-04   1.18519E-03   1.49402E-03   1.38520E-04   1.07971E-04   1.78307E-05   1.22311E-05   6.73336E-05   2.63643E-05   1.67087E-06   2.47364E-06   3.37567E-07   2.05489E-05   3.55561E-04   1.16874E-05   2.38273E-07   2.21347E-07   4.23113E-05   4.44484E-05   2.46360E-04   2.72860E-06
  2.33668E-07   8.74079E-05   4.62789E-05   4.70536E-05   3.55522E-06   5.00435E-07   8.05069E-05   1.25838E-04   5.42994E-05   9.14907E-06   2.50206E-06   1.61941E-05   1.73897E-06   5.25336E-05   6.48355E-05   1.78244E-05   1.19878E-04   1.10850E-04   1.46107E-03   1.30447E-03   4.72976E-04   2.40562E-03   5.07689E-02   4.42746E-01   4.42746E-01   5.07689E-02   2.40562E-03   4.72976E-04   1.30447E-03   1.46107E-03   1.10850E-04   1.19878E-04   1.78244E-05   6.48355E-05   5.25336E-05   1.73897E-06   1.61941E-05   2.50206E-06   9.14907E-06   5.42994E-05   1.25838E-04   8.05069E-05   5.00435E-07   3.55522E-06   4.70536E-05   4.62789E-05   8.74079E-05   2.33668E-07
  5.44461E-06   1.46056E-06   3.34057E-05   1.32443E-04   1.85472E-05   4.59645E-07   1.15879E-05   1.84581E-04   8.77303E-05   1.24780E-06   2.66338E-06   1.23127E-05   1.39890E-05   3.98817E-05   1.46816E-04   2.04370E-05   1.29772E-04   6.96924E-05   1.30017E-03   1.44184E-03   3.49804E-04   2.62183E-03   5.05733E-02   4.42801E-01   4.42801E-01   5.05733E-02   2.62183E-03   3.49804E-04   1.44184E-03   1.30017E-03   6.96924E-05   1.29772E-04   2.04370E-05   1.46816E-04   3.98817E-05   1.39890E-05   1.23127E-05   2.66338E-06   1.24780E-06   8.77303E-05   1.84581E-04   1.15879E-05   4.59645E-07   1.85472E-05   1.32443E-04   3.34057E-05   1.46056E-06   5.44461E-06
  9.29427E-07   2.19560E-04   3.10591E-05   1.56971E-05   3.12224E-06   1.27495E-07   1.19518E-06   3.17957E-04   4.69220E-05   9.58856E-07   1.97999E-06   6.11986E-05   6.78863E-05   3.09999E-05   3.65650E-05   2.39407E-05   1.28787E-04   6.01674E-05   1.07520E-03   1.51263E-03   2.48529E-04   2.78749E-03   5.19243E-02   4.41403E-01   4.41403E-01   5.19243E-02   2.78749E-03   2.48529E-04   1.51263E-03   1.07520E-03   6.01674E-05   1.28787E-04   2.39407E-05   3.65650E-05   3.09999E-05   6.78863E-05   6.11986E-05   1.97999E-06   9.58856E-07   4.69220E-05   3.17957E-04   1.19518E-06   1.27495E-07   3.12224E-06   1.56971E-05   3.10591E-05   2.19560E-04   9.29427E-07
  7.02393E-07   6.99226E-06   5.07391E-05   1.30248E-06   7.89547E-06   3.52858E-07   6.85718E-05   8.21338E-06   7.46972E-05   2.11260E-05   3.26652E-06   3.36295E-05   3.75703E-05   2.45024E-05   1.43146E-04   2.29959E-05   1.17076E-04   1.03105E-04   8.51760E-04   1.46656E-03   2.00740E-04   2.96339E-03   5.50262E-02   4.38765E-01   4.38765E-01   5.50262E-02   2.96339E-03   2.00740E-04   1.46656E-03   8.51760E-04   1.03105E-04   1.17076E-04   2.29959E-05   1.43146E-04   2.45024E-05   3.75703E-05   3.36295E-05   3.26652E-06   2.11260E-05   7.46972E-05   8.21338E-06   6.85718E-05   3.52858E-07   7.89547E-06   1.30248E-06   5.07391E-05   6.99226E-06   7.02393E-07
  1.34989E-06   2.89533E-05   6.11725E-05   1.89697E-05   1.58351E-06   3.56745E-07   1.31157E-04   1.16020E-04   1.51963E-04   5.52294E-05   2.24171E-06   2.97201E-05   1.52092E-04   2.11577E-05   9.45189E-05   1.40062E-05   1.01513E-04   1.14082E-04   6.78304E-04   1.30472E-03   2.10558E-04   3.16815E-03   5.96432E-02   4.33899E-01   4.33899E-01   5.96432E-02   3.16815E-03   2.10558E-04   1.30472E-03   6.78304E-04   1.14082E-04   1.01513E-04   1.40062E-05   9.45189E-05   2.11577E-05   1.52092E-04   2.97201E-05   2.24171E-06   5.52294E-05   1.51963E-04   1.16020E-04   1.31157E-04   3.56745E-07   1.58351E-06   1.89697E-05   6.11725E-05   2.89533E-05   1.34989E-06
  6.99959E-07   3.11885E-06   5.01579E-05   3.71953E-05   5.77954E-06   1.86788E-07   2.61897E-05   1.07614E-04   7.28238E-05   1.25745E-06   2.59364E-06   1.06981E-04   9.13636E-05   1.76687E-05   6.88730E-07   1.04251E-05   8.51169E-05   7.48461E-05   5.82993E-04   1.07720E-03   2.47797E-04   3.40800E-03   6.56548E-02   4.28335E-01   4.28335E-01   6.56548E-02   3.40800E-03   2.47797E-04   1.07720E-03   5.82993E-04   7.48461E-05   8.51169E-05   1.04251E-05   6.88730E-07   1.76687E-05   9.13636E-05   1.06981E-04   2.59364E-06   1.25745E-06   7.28238E-05   1.07614E-04   2.61897E-05   1.86788E-07   5.77954E-06   3.71953E-05   5.01579E-05   3.11885E-06   6.99959E-07
  2.21236E-07   2.71448E-05   3.41973E-05   2.10170E-05   1.04309E-05   2.31433E-07   1.19520E-05   1.80222E-05   2.48382E-05   6.61690E-06   1.79211E-06   2.96010E-05   2.50537E-05   1.45855E-05   1.65802E-05   6.37601E-06   7.02911E-05   9.65005E-05   5.68207E-04   8.35574E-04   2.77686E-04   3.66941E-03   7.25698E-02   4.21664E-01   4.21664E-01   7.25698E-02   3.66941E-03   2.77686E-04   8.35574E-04   5.68207E-04   9.65005E-05   7.02911E-05   6.37601E-06   1.65802E-05   1.45855E-05   2.50537E-05   2.96010E-05   1.79211E-06   6.61690E-06   2.48382E-05   1.80222E-05   1.19520E-05   2.31433E-07   1.04309E-05   2.10170E-05   3.41973E-05   2.71448E-05   2.21236E-07
  1.18770E-06   6.88564E-06   3.38837E-05   2.14528E-06   1.99965E-07   3.88918E-07   2.41427E-06   1.17176E-04   1.21925E-04   1.48778E-06   5.34661E-07   1.47096E-05   9.17921E-05   1.32997E-05   4.02572E-06   6.96107E-06   6.22855E-05   1.29495E-04   6.17268E-04   6.17194E-04   2.89343E-04   3.95207E-03   7.98992E-02   4.14014E-01   4.14014E-01   7.98992E-02   3.95207E-03   2.89343E-04   6.17194E-04   6.17268E-04   1.29495E-04   6.22855E-05   6.96107E-06   4.02572E-06   1.32997E-05   9.17921E-05   1.47096E-05   5.34661E-07   1.48778E-06   1.21925E-04   1.17176E-04   2.41427E-06   3.88918E-07   1.99965E-07   2.14528E-06   3.38837E-05   6.88564E-06   1.18770E-06
  6.74490E-07   2.57988E-05   5.90794E-05   3.01433E-07   6.77177E-06   4.69374E-07   4.03677E-05   2.72333E-04   1.21508E-04   3.32000E-05   1.81430E-06   5.28851E-05   7.31078E-05   9.47012E-06   4.13574E-06   6.53175E-06   5.69312E-05   7.41626E-05   6.96866E-04   4.44444E-04   2.86783E-04   4.27239E-03   8.72802E-02   4.06180E-01   4.06180E-01   8.72802E-02   4.27239E-03   2.86783E-04   4.44444E-04   6.96866E-04   7.41626E-05   5.69312E-05   6.53175E-06   4.13574E-06   9.47012E-06   7.31078E-05   5.28851E-05   1.81430E-06   3.32000E-05   1.21508E-04   2.72333E-04   4.03677E-05   4.69374E-07   6.77177E-06   3.01433E-07   5.90794E-05   2.57988E-05   6.74490E-07
  2.54840E-07   8.55130E-05   7.37347E-05   2.17284E-06   6.53135E-06   3.41419E-07   2.36874E-05   1.10948E-04   1.39608E-05   7.09242E-05   1.53359E-06   2.64045E-05   3.30363E-05   8.55547E-06   2.41077E-06   9.00438E-06   4.91250E-05   3.31425E-05   7.76785E-04   3.25663E-04   2.68485E-04   4.65131E-03   9.44414E-02   3.98985E-01   3.98985E-01   9.44414E-02   4.65131E-03   2.68485E-04   3.25663E-04   7.76785E-04   3.31425E-05   4.91250E-05   9.00438E-06   2.41077E-06   8.55547E-06   3.30363E-05   2.64045E-05   1.53359E-06   7.09242E-05   1.39608E-05   1.10948E-04   2.36874E-05   3.41419E-07   6.53135E-06   2.17284E-06   7.37347E-05   8.55130E-05   2.54840E-07
  2.27651E-08   2.98624E-05   5.88110E-05   2.40272E-07   6.27191E-06   4.59221E-07   1.21738E-04   9.93694E-06   3.51467E-05   1.74761E-05   7.41630E-07   1.14926E-06   5.93501E-06   8.03460E-06   2.88466E-05   1.03115E-05   4.27336E-05   4.59217E-05   8.30718E-04   2.55143E-04   2.31512E-04   5.09434E-03   1.00961E-01   3.92204E-01   3.92204E-01   1.00961E-01   5.09434E-03   2.31512E-04   2.55143E-04   8.30718E-04   4.59217E-05   4.27336E-05   1.03115E-05   2.88466E-05   8.03460E-06   5.93501E-06   1.14926E-06   7.41630E-07   1.74761E-05   3.51467E-05   9.93694E-06   1.21738E-04   4.59221E-07   6.27191E-06   2.40272E-07   5.88110E-05   2.98624E-05   2.27651E-08
  1.96802E-08   3.15011E-05   3.06841E-05   2.19972E-05   5.18032E-06   6.24058E-07   2.51684E-05   3.94705E-05   1.35309E-04   1.39486E-06   1.22766E-06   9.94501E-06   5.83152E-05   6.90267E-06   3.64316E-05   1.34714E-05   3.55183E-05   2.53209E-05   8.31251E-04   2.13820E-04   1.88844E-04   5.60195E-03   1.06605E-01   3.86080E-01   3.86080E-01   1.06605E-01   5.60195E-03   1.88844E-04   2.13820E-04   8.31251E-04   2.53209E-05   3.55183E-05   1.34714E-05   3.64316E-05   6.90267E-06   5.83152E-05   9.94501E-06   1.22766E-06   1.39486E-06   1.35309E-04   3.94705E-05   2.51684E-05   6.24058E-07   5.18032E-06   2.19972E-05   3.06841E-05   3.15011E-05   1.96802E-08
  3.85727E-07   5.31707E-04   3.02474E-05   1.83337E-05   4.43942E-06   8.11190E-07   1.52115E-06   3.91493E-05   1.12995E-04   1.38254E-05   1.58981E-06   3.39397E-05   6.29259E-05   6.67066E-06   3.58754E-06   1.96119E-05   2.67873E-05   9.36182E-06   7.74205E-04   1.76061E-04   1.62052E-04   6.15456E-03   1.11194E-01   3.80621E-01   3.80621E-01   1.11194E-01   6.15456E-03   1.62052E-04   1.76061E-04   7.74205E-04   9.36182E-06   2.67873E-05   1.96119E-05   3.58754E-06   6.67066E-06   6.29259E-05   3.39397E-05   1.58981E-06   1.38254E-05   1.12995E-04   3.91493E-05   1.52115E-06   8.11190E-07   4.43942E-06   1.83337E-05   3.02474E-05   5.31707E-04   3.85727E-07
  1.21060E-06   6.35417E-05   5.93998E-05   1.92757E-05   3.63707E-07   7.89334E-07   8.48318E-06   1.95953E-05   2.22634E-05   5.23271E-06   1.11283E-06   3.77699E-05   8.53924E-06   6.92370E-06   1.85671E-05   1.50982E-05   2.08256E-05   2.22209E-05   6.83645E-04   1.31456E-04   1.57259E-04   6.73175E-03   1.15015E-01   3.76950E-01   3.76950E-01   1.15015E-01   6.73175E-03   1.57259E-04   1.31456E-04   6.83645E-04   2.22209E-05   2.08256E-05   1.50982E-05   1.85671E-05   6.92370E-06   8.53924E-06   3.77699E-05   1.11283E-06   5.23271E-06   2.22634E-05   1.95953E-05   8.48318E-06   7.89334E-07   3.63707E-07   1.92757E-05   5.93998E-05   6.35417E-05   1.21060E-06
  3.00171E-06   2.38805E-05   6.82300E-05   3.84209E-05   3.88663E-06   6.72235E-07   9.50425E-07   1.80281E-05   4.77873E-05   1.27401E-07   7.40673E-07   1.35681E-05   7.03445E-06   7.54718E-06   9.70680E-05   7.21694E-06   1.71762E-05   1.10171E-05   5.73322E-04   9.34592E-05   1.61385E-04   7.26721E-03   1.17770E-01   3.73768E-01   3.73768E-01   1.17770E-01   7.26721E-03   1.61385E-04   9.34592E-05   5.73322E-04   1.10171E-05   1.71762E-05   7.21694E-06   9.70680E-05   7.54718E-06   7.03445E-06   1.35681E-05   7.40673E-07   1.27401E-07   4.77873E-05   1.80281E-05   9.50425E-07   6.72235E-07   3.88663E-06   3.84209E-05   6.82300E-05   2.38805E-05   3.00171E-06
  2.50689E-06   9.49640E-05   3.80303E-05   9.42130E-06   1.31942E-06   3.84580E-07   2.73671E-06   2.56054E-06   1.43064E-04   2.91340E-05   9.45663E-07   2.17173E-06   2.84835E-06   7.73516E-06   1.69037E-04   6.39730E-06   1.45645E-05   5.28152E-05   4.64594E-04   8.39138E-05   1.70618E-04   7.73958E-03   1.19707E-01   3.71254E-01   3.71254E-01   1.19707E-01   7.73958E-03   1.70618E-04   8.39138E-05   4.64594E-04   5.28152E-05   1.45645E-05   6.39730E-06   1.69037E-04   7.73516E-06   2.84835E-06   2.17173E-06   9.45663E-07   2.91340E-05   1.43064E-04   2.56054E-06   2.73671E-06   3.84580E-07   1.31942E-06   9.42130E-06   3.80303E-05   9.49640E-05   2.50689E-06
  2.61141E-07   2.65420E-05   1.02465E-05   1.97902E-06   1.04300E-06   4.85958E-07   3.01100E-06   7.74730E-06   1.42192E-04   1.43490E-05   1.00412E-06   4.55331E-07   1.26682E-06   7.40786E-06   9.40974E-05   4.31388E-06   1.54543E-05   1.40718E-04   3.86342E-04   1.09295E-04   1.99225E-04   8.15891E-03   1.21153E-01   3.69521E-01   3.69521E-01   1.21153E-01   8.15891E-03   1.99225E-04   1.09295E-04   3.86342E-04   1.40718E-04   1.54543E-05   4.31388E-06   9.40974E-05   7.40786E-06   1.26682E-06   4.55331E-07   1.00412E-06   1.43490E-05   1.42192E-04   7.74730E-06   3.01100E-06   4.85958E-07   1.04300E-06   1.97902E-06   1.02465E-05   2.65420E-05   2.61141E-07
  2.93134E-07   1.37467E-05   1.35091E-05   3.75739E-06   1.08871E-06   3.87195E-07   3.05310E-05   6.65393E-05   5.33012E-05   1.79824E-05   6.66478E-07   7.04425E-07   2.30739E-05   7.73256E-06   1.00507E-05   7.92029E-07   1.90664E-05   9.42708E-05   3.40594E-04   1.53435E-04   2.48717E-04   8.52821E-03   1.22287E-01   3.68084E-01   3.68084E-01   1.22287E-01   8.52821E-03   2.48717E-04   1.53435E-04   3.40594E-04   9.42708E-05   1.90664E-05   7.92029E-07   1.00507E-05   7.73256E-06   2.30739E-05   7.04425E-07   6.66478E-07   1.79824E-05   5.33012E-05   6.65393E-05   3.05310E-05   3.87195E-07   1.08871E-06   3.75739E-06   1.35091E-05   1.37467E-05   2.93134E-07
  4.79340E-07   2.70208E-05   2.84813E-05   7.79149E-06   4.66975E-06   6.03665E-07   3.71247E-05   9.41583E-05   7.71813E-06   7.21691E-06   5.92688E-07   2.80884E-06   6.78273E-05   8.90916E-06   5.37718E-06   3.79019E-07   1.96787E-05   6.19911E-06   3.17278E-04   1.90785E-04   2.87445E-04   8.83579E-03   1.23356E-01   3.66686E-01   3.66686E-01   1.23356E-01   8.83579E-03   2.87445E-04   1.90785E-04   3.17278E-04   6.19911E-06   1.96787E-05   3.79019E-07   5.37718E-06   8.90916E-06   6.78273E-05   2.80884E-06   5.92688E-07   7.21691E-06   7.71813E-06   9.41583E-05   3.71247E-05   6.03665E-07   4.66975E-06   7.79149E-06   2.84813E-05   2.70208E-05   4.79340E-07
  7.68851E-07   5.68219E-06   2.73886E-05   3.16780E-05   2.07340E-06   7.41436E-07   3.78746E-06   3.02437E-05   1.40829E-05   3.34284E-07   7.98971E-07   1.94116E-06   5.07661E-05   9.53877E-06   1.01884E-05   5.80285E-07   1.66785E-05   1.13571E-04   3.19245E-04   2.04899E-04   2.83711E-04   9.06862E-03   1.24602E-01   3.65200E-01   3.65200E-01   1.24602E-01   9.06862E-03   2.83711E-04   2.04899E-04   3.19245E-04   1.13571E-04   1.66785E-05   5.80285E-07   1.01884E-05   9.53877E-06   5.07661E-05   1.94116E-06   7.98971E-07   3.34284E-07   1.40829E-05   3.02437E-05   3.78746E-06   7.41436E-07   2.07340E-06   3.16780E-05   2.73886E-05   5.68219E-06   7.68851E-07
  1.79314E-07   7.73530E-06   1.07698E-05   2.40068E-06   5.47040E-06   8.10738E-07   7.23662E-06   5.68238E-06   2.58430E-05   6.46833E-06   6.37443E-07   1.62369E-06   3.34223E-05   9.17326E-06   5.81090E-06   1.45499E-06   1.52753E-05   2.62470E-04   3.34412E-04   1.98701E-04   2.47985E-04   9.23904E-03   1.26157E-01   3.63420E-01   3.63420E-01   1.26157E-01   9.23904E-03   2.47985E-04   1.98701E-04   3.34412E-04   2.62470E-04   1.52753E-05   1.45499E-06   5.81090E-06   9.17326E-06   3.34223E-05   1.62369E-06   6.37443E-07   6.46833E-06   2.58430E-05   5.68238E-06   7.23662E-06   8.10738E-07   5.47040E-06   2.40068E-06   1.07698E-05   7.73530E-06   1.79314E-07
  4.83993E-06   3.94026E-05   8.60230E-07   6.27023E-06   1.15031E-05   1.05657E-06   4.04221E-05   7.49096E-06   3.39608E-05   1.31226E-06   5.05532E-07   3.37675E-07   4.86850E-05   8.50237E-06   7.38391E-05   3.92131E-06   1.71464E-05   2.00791E-04   3.34378E-04   1.86713E-04   2.17369E-04   9.38823E-03   1.28099E-01   3.61273E-01   3.61273E-01   1.28099E-01   9.38823E-03   2.17369E-04   1.86713E-04   3.34378E-04   2.00791E-04   1.71464E-05   3.92131E-06   7.38391E-05   8.50237E-06   4.86850E-05   3.37675E-07   5.05532E-07   1.31226E-06   3.39608E-05   7.49096E-06   4.04221E-05   1.05657E-06   1.15031E-05   6.27023E-06   8.60230E-07   3.94026E-05   4.83993E-06
  3.35817E-06   5.92434E-05   7.70725E-07   9.21193E-06   2.89360E-07   1.04439E-06   8.02667E-06   1.21535E-05   3.58239E-05   9.38035E-06   2.13261E-07   3.21494E-07   2.03921E-05   8.46738E-06   9.90060E-05   3.33773E-06   1.83847E-05   4.76766E-05   3.12255E-04   1.79483E-04   2.04573E-04   9.54980E-03   1.30495E-01   3.58921E-01   3.58921E-01   1.30495E-01   9.54980E-03   2.04573E-04   1.79483E-04   3.12255E-04   4.76766E-05   1.83847E-05   3.33773E-06   9.90060E-05   8.46738E-06   2.03921E-05   3.21494E-07   2.13261E-07   9.38035E-06   3.58239E-05   1.21535E-05   8.02667E-06   1.04439E-06   2.89360E-07   9.21193E-06   7.70725E-07   5.92434E-05   3.35817E-06
  2.16228E-07   1.29933E-04   2.76140E-06   1.02057E-05   2.92751E-06   9.49839E-07   1.24453E-05   1.27146E-07   2.65450E-05   4.94736E-06   7.16275E-08   9.65096E-07   3.26403E-08   8.61221E-06   5.83009E-05   2.06683E-06   1.66875E-05   1.03428E-06   2.80071E-04   1.76524E-04   1.88165E-04   9.71077E-03   1.33200E-01   3.56165E-01   3.56165E-01   1.33200E-01   9.71077E-03   1.88165E-04   1.76524E-04   2.80071E-04   1.03428E-06   1.66875E-05   2.06683E-06   5.83009E-05   8.61221E-06   3.26403E-08   9.65096E-07   7.16275E-08   4.94736E-06   2.65450E-05   1.27146E-07   1.24453E-05   9.49839E-07   2.92751E-06   1.02057E-05   2.76140E-06   1.29933E-04   2.16228E-07
  8.99021E-07   1.99048E-05   1.20244E-06   1.44168E-06   2.57039E-06   6.47184E-07   1.96026E-06   8.06135E-06   1.02675E-05   4.84234E-06   7.02181E-08   2.46449E-07   5.38067E-08   8.48110E-06   4.80892E-05   4.05631E-06   1.35249E-05   3.10352E-05   2.43831E-04   1.70252E-04   1.57895E-04   9.85848E-03   1.36164E-01   3.53248E-01   3.53248E-01   1.36164E-01   9.85848E-03   1.57895E-04   1.70252E-04   2.43831E-04   3.10352E-05   1.35249E-05   4.05631E-06   4.80892E-05   8.48110E-06   5.38067E-08   2.46449E-07   7.02181E-08   4.84234E-06   1.02675E-05   8.06135E-06   1.96026E-06   6.47184E-07   2.57039E-06   1.44168E-06   1.20244E-06   1.99048E-05   8.99021E-07
  1.31273E-06   1.96341E-05   6.83442E-07   4.52585E-06   1.35777E-06   6.33926E-07   8.36989E-06   6.36904E-05   1.41246E-06   2.51472E-06   7.05780E-08   3.67833E-07   9.22340E-06   8.05765E-06   1.51595E-05   4.47097E-06   1.10475E-05   4.43284E-05   2.02926E-04   1.54741E-04   1.39944E-04   9.99864E-03   1.39188E-01   3.50119E-01   3.50119E-01   1.39188E-01   9.99864E-03   1.39944E-04   1.54741E-04   2.02926E-04   4.43284E-05   1.10475E-05   4.47097E-06   1.51595E-05   8.05765E-06   9.22340E-06   3.67833E-07   7.05780E-08   2.51472E-06   1.41246E-06   6.36904E-05   8.36989E-06   6.33926E-07   1.35777E-06   4.52585E-06   6.83442E-07   1.96341E-05   1.31273E-06
  1.08494E-06   2.28514E-05   8.27716E-07   6.10197E-07   2.70042E-07   7.01688E-07   1.12743E-05   9.42462E-05   1.31460E-06   7.81096E-06   3.61312E-08   7.59824E-08   1.11841E-05   7.61742E-06   6.66608E-06   1.73614E-06   9.67078E-06   2.39949E-05   1.61636E-04   1.33151E-04   1.60131E-04   1.01665E-02   1.42169E-01   3.47008E-01   3.47008E-01   1.42169E-01   1.01665E-02   1.60131E-04   1.33151E-04   1.61636E-04   2.39949E-05   9.67078E-06   1.73614E-06   6.66608E-06   7.61742E-06   1.11841E-05   7.59824E-08   3.61312E-08   7.81096E-06   1.31460E-06   9.42462E-05   1.12743E-05   7.01688E-07   2.70042E-07   6.10197E-07   8.27716E-07   2.28514E-05   1.08494E-06
  4.59868E-08   3.34015E-06   4.75262E-07   1.14837E-06   1.78178E-06   5.48709E-07   2.68850E-06   1.00141E-05   8.84971E-06   6.68499E-06   2.90216E-08   1.17843E-06   3.30747E-06   7.30003E-06   4.38432E-06   4.58322E-06   8.39936E-06   3.39044E-06   1.28010E-04   1.16030E-04   2.01156E-04   1.03782E-02   1.45009E-01   3.44099E-01   3.44099E-01   1.45009E-01   1.03782E-02   2.01156E-04   1.16030E-04   1.28010E-04   3.39044E-06   8.39936E-06   4.58322E-06   4.38432E-06   7.30003E-06   3.30747E-06   1.17843E-06   2.90216E-08   6.68499E-06   8.84971E-06   1.00141E-05   2.68850E-06   5.48709E-07   1.78178E-06   1.14837E-06   4.75262E-07   3.34015E-06   4.59868E-08
  9.57208E-08   1.12213E-04   1.49445E-06   7.36920E-07   1.76966E-06   4.48646E-07   2.08655E-06   2.20901E-05   2.21434E-05   1.71919E-06   3.30897E-08   3.21476E-06   1.81501E-06   6.41470E-06   4.10940E-06   1.09352E-05   6.29321E-06   1.18397E-05   1.05485E-04   1.10488E-04   2.23971E-04   1.06034E-02   1.47510E-01   3.41237E-01   3.41237E-01   1.47510E-01   1.06034E-02   2.23971E-04   1.10488E-04   1.05485E-04   1.18397E-05   6.29321E-06   1.09352E-05   4.10940E-06   6.41470E-06   1.81501E-06   3.21476E-06   3.30897E-08   1.71919E-06   2.21434E-05   2.20901E-05   2.08655E-06   4.48646E-07   1.76966E-06   7.36920E-07   1.49445E-06   1.12213E-04   9.57208E-08
  6.63983E-09   3.80843E-05   5.59536E-06   9.05340E-06   1.09535E-07   4.26244E-07   1.55926E-06   2.62643E-05   2.15940E-05   2.84650E-06   5.82369E-08   2.76490E-06   2.81747E-06   5.68593E-06   2.48669E-06   1.20757E-05   4.34191E-06   2.92047E-05   9.19174E-05   1.11970E-04   2.23551E-04   1.08216E-02   1.49760E-01   3.38826E-01   3.38826E-01   1.49760E-01   1.08216E-02   2.23551E-04   1.11970E-04   9.19174E-05   2.92047E-05   4.34191E-06   1.20757E-05   2.48669E-06   5.68593E-06   2.81747E-06   2.76490E-06   5.82369E-08   2.84650E-06   2.15940E-05   2.62643E-05   1.55926E-06   4.26244E-07   1.09535E-07   9.05340E-06   5.59536E-06   3.80843E-05   6.63983E-09
  6.51843E-08   1.08959E-05   1.16277E-05   1.87705E-05   5.40095E-07   4.61289E-07   5.15961E-07   1.33110E-05   1.06483E-05   6.87223E-06   5.13550E-08   1.09460E-05   3.51672E-06   4.66735E-06   7.30596E-06   6.05984E-06   3.29780E-06   2.68513E-05   8.44880E-05   1.08920E-04   2.31787E-04   1.10239E-02   1.51668E-01   3.36746E-01   3.36746E-01   1.51668E-01   1.10239E-02   2.31787E-04   1.08920E-04   8.44880E-05   2.68513E-05   3.29780E-06   6.05984E-06   7.30596E-06   4.66735E-06   3.51672E-06   1.09460E-05   5.13550E-08   6.87223E-06   1.06483E-05   1.33110E-05   5.15961E-07   4.61289E-07   5.40095E-07   1.87705E-05   1.16277E-05   1.08959E-05   6.51843E-08
  9.86713E-07   1.98208E-05   1.31875E-05   2.35268E-06   1.08356E-07   4.38414E-07   2.25670E-08   1.10021E-06   4.51470E-06   2.06274E-06   1.02647E-07   1.38100E-05   5.54834E-06   4.36739E-06   1.82963E-06   1.49811E-06   2.83879E-06   1.54712E-05   8.13152E-05   9.71995E-05   2.61946E-04   1.12260E-02   1.53242E-01   3.35002E-01   3.35002E-01   1.53242E-01   1.12260E-02   2.61946E-04   9.71995E-05   8.13152E-05   1.54712E-05   2.83879E-06   1.49811E-06   1.82963E-06   4.36739E-06   5.54834E-06   1.38100E-05   1.02647E-07   2.06274E-06   4.51470E-06   1.10021E-06   2.25670E-08   4.38414E-07   1.08356E-07   2.35268E-06   1.31875E-05   1.98208E-05   9.86713E-07
  2.93850E-06   1.52150E-04   8.49501E-06   3.32752E-07   2.14038E-07   4.25552E-07   1.06282E-07   1.39722E-05   2.67671E-06   1.16550E-05   2.69573E-07   1.05110E-05   4.04297E-06   4.49222E-06   2.42018E-07   1.91920E-06   2.81056E-06   7.09754E-06   8.05009E-05   8.66948E-05   2.77720E-04   1.14258E-02   1.54454E-01   3.33451E-01   3.33451E-01   1.54454E-01   1.14258E-02   2.77720E-04   8.66948E-05   8.05009E-05   7.09754E-06   2.81056E-06   1.91920E-06   2.42018E-07   4.49222E-06   4.04297E-06   1.05110E-05   2.69573E-07   1.16550E-05   2.67671E-06   1.39722E-05   1.06282E-07   4.25552E-07   2.14038E-07   3.32752E-07   8.49501E-06   1.52150E-04   2.93850E-06
  2.55554E-07   3.56165E-05   3.44886E-06   8.18589E-08   5.86760E-07   4.16292E-07   1.16922E-05   2.27503E-05   5.89368E-06   4.28726E-06   5.33819E-07   6.41629E-06   1.25707E-06   4.71115E-06   2.50893E-06   3.99526E-06   3.08506E-06   4.70353E-06   8.02749E-05   9.19935E-05   2.39325E-04   1.16139E-02   1.55497E-01   3.32366E-01   3.32366E-01   1.55497E-01   1.16139E-02   2.39325E-04   9.19935E-05   8.02749E-05   4.70353E-06   3.08506E-06   3.99526E-06   2.50893E-06   4.71115E-06   1.25707E-06   6.41629E-06   5.33819E-07   4.28726E-06   5.89368E-06   2.27503E-05   1.16922E-05   4.16292E-07   5.86760E-07   8.18589E-08   3.44886E-06   3.56165E-05   2.55554E-07
  3.43164E-07   8.76175E-06   9.73690E-07   1.41957E-06   4.75429E-07   2.78106E-07   8.83769E-07   1.06119E-05   4.26107E-06   2.21511E-07   6.07898E-07   1.65775E-06   1.12627E-06   5.13494E-06   7.73795E-06   5.26627E-06   3.21808E-06   1.31269E-05   7.86873E-05   1.15125E-04   1.61923E-04   1.17687E-02   1.56328E-01   3.31482E-01   3.31482E-01   1.56328E-01   1.17687E-02   1.61923E-04   1.15125E-04   7.86873E-05   1.31269E-05   3.21808E-06   5.26627E-06   7.73795E-06   5.13494E-06   1.12627E-06   1.65775E-06   6.07898E-07   2.21511E-07   4.26107E-06   1.06119E-05   8.83769E-07   2.78106E-07   4.75429E-07   1.41957E-06   9.73690E-07   8.76175E-06   3.43164E-07
  1.55096E-07   4.48269E-06   2.05973E-06   1.21669E-06   2.19374E-07   2.21618E-07   1.57336E-06   2.49558E-06   1.02377E-07   8.04554E-07   4.17851E-07   9.08668E-07   2.84509E-06   5.19988E-06   4.46934E-06   3.84483E-06   3.26767E-06   1.85115E-05   7.47312E-05   1.39846E-04   1.03053E-04   1.19034E-02   1.56992E-01   3.30734E-01   3.30734E-01   1.56992E-01   1.19034E-02   1.03053E-04   1.39846E-04   7.47312E-05   1.85115E-05   3.26767E-06   3.84483E-06   4.46934E-06   5.19988E-06   2.84509E-06   9.08668E-07   4.17851E-07   8.04554E-07   1.02377E-07   2.49558E-06   1.57336E-06   2.21618E-07   2.19374E-07   1.21669E-06   2.05973E-06   4.48269E-06   1.55096E-07
  1.56829E-06   2.33736E-06   4.72308E-06   1.09910E-06   8.59790E-07   2.85818E-07   1.11954E-06   2.21207E-06   1.55243E-06   9.04575E-07   3.55223E-07   2.86445E-06   4.94101E-06   5.20807E-06   5.56003E-07   2.62995E-06   3.28659E-06   1.10426E-05   6.85879E-05   1.45924E-04   9.31701E-05   1.20422E-02   1.57529E-01   3.30073E-01   3.30073E-01   1.57529E-01   1.20422E-02   9.31701E-05   1.45924E-04   6.85879E-05   1.10426E-05   3.28659E-06   2.62995E-06   5.56003E-07   5.20807E-06   4.94101E-06   2.86445E-06   3.55223E-07   9.04575E-07   1.55243E-06   2.21207E-06   1.11954E-06   2.85818E-07   8.59790E-07   1.09910E-06   4.72308E-06   2.33736E-06   1.56829E-06
  1.60124E-06   6.22610E-07   7.33222E-06   5.99111E-07   2.13402E-06   2.58848E-07   5.33561E-06   5.99000E-06   2.08299E-06   8.42752E-07   3.08616E-07   1.75020E-07   1.81913E-06   5.21275E-06   4.53544E-06   2.70566E-06   2.95228E-06   4.66879E-06   6.10599E-05   1.29545E-04   1.05388E-04   1.21890E-02   1.57981E-01   3.29485E-01   3.29485E-01   1.57981E-01   1.21890E-02   1.05388E-04   1.29545E-04   6.10599E-05   4.66879E-06   2.95228E-06   2.70566E-06   4.53544E-06   5.21275E-06   1.81913E-06   1.75020E-07   3.08616E-07   8.42752E-07   2.08299E-06   5.99000E-06   5.33561E-06   2.58848E-07   2.13402E-06   5.99111E-07   7.33222E-06   6.22610E-07   1.60124E-06
  6.61093E-08   1.02042E-05   1.06183E-05   1.14127E-06   7.22841E-07   3.44491E-07   1.11744E-06   4.20860E-06   1.16371E-05   1.58398E-06   3.34087E-07   5.28760E-07   9.15826E-06   5.19879E-06   4.23302E-06   2.19730E-06   2.62268E-06   3.02408E-06   5.34950E-05   1.07033E-04   1.02555E-04   1.23241E-02   1.58379E-01   3.28965E-01   3.28965E-01   1.58379E-01   1.23241E-02   1.02555E-04   1.07033E-04   5.34950E-05   3.02408E-06   2.62268E-06   2.19730E-06   4.23302E-06   5.19879E-06   9.15826E-06   5.28760E-07   3.34087E-07   1.58398E-06   1.16371E-05   4.20860E-06   1.11744E-06   3.44491E-07   7.22841E-07   1.14127E-06   1.06183E-05   1.02042E-05   6.61093E-08
  1.15150E-07   4.79700E-05   1.09458E-05   1.96119E-06   5.14227E-07   3.66012E-07   2.89100E-06   6.75362E-06   1.88897E-05   1.48241E-06   3.03208E-07   1.06314E-07   5.09239E-06   5.30078E-06   3.03703E-06   1.54188E-06   2.67564E-06   3.10770E-06   4.72117E-05   9.89050E-05   9.21795E-05   1.24316E-02   1.58727E-01   3.28490E-01   3.28490E-01   1.58727E-01   1.24316E-02   9.21795E-05   9.89050E-05   4.72117E-05   3.10770E-06   2.67564E-06   1.54188E-06   3.03703E-06   5.30078E-06   5.09239E-06   1.06314E-07   3.03208E-07   1.48241E-06   1.88897E-05   6.75362E-06   2.89100E-06   3.66012E-07   5.14227E-07   1.96119E-06   1.09458E-05   4.79700E-05   1.15150E-07
  3.63388E-07   1.85745E-05   9.74400E-06   3.40099E-06   3.52059E-07   3.74971E-07   1.94764E-06   9.77910E-06   7.70850E-06   4.93202E-07   2.73862E-07   2.95192E-07   2.08533E-07   5.40737E-06   8.33132E-07   9.08110E-07   3.06484E-06   9.73726E-06   4.34912E-05   1.10524E-04   1.13557E-04   1.25216E-02   1.59039E-01   3.28098E-01   3.28098E-01   1.59039E-01   1.25216E-02   1.13557E-04   1.10524E-04   4.34912E-05   9.73726E-06   3.06484E-06   9.08110E-07   8.33132E-07   5.40737E-06   2.08533E-07   2.95192E-07   2.73862E-07   4.93202E-07   7.70850E-06   9.77910E-06   1.94764E-06   3.74971E-07   3.52059E-07   3.40099E-06   9.74400E-06   1.85745E-05   3.63388E-07
  3.35811E-07   5.57271E-05   6.22206E-06   1.93972E-06   9.82347E-07   3.32187E-07   4.70843E-06   1.07257E-05   1.10528E-06   3.31716E-06   3.41897E-07   1.70144E-06   2.94453E-06   5.47853E-06   7.77279E-07   5.92854E-07   3.63924E-06   1.36573E-05   4.29563E-05   1.27893E-04   1.78421E-04   1.26098E-02   1.59244E-01   3.27682E-01   3.27682E-01   1.59244E-01   1.26098E-02   1.78421E-04   1.27893E-04   4.29563E-05   1.36573E-05   3.63924E-06   5.92854E-07   7.77279E-07   5.47853E-06   2.94453E-06   1.70144E-06   3.41897E-07   3.31716E-06   1.10528E-06   1.07257E-05   4.70843E-06   3.32187E-07   9.82347E-07   1.93972E-06   6.22206E-06   5.57271E-05   3.35811E-07
  1.47696E-06   4.50401E-05   2.43743E-06   1.63229E-06   6.02293E-07   3.35792E-07   5.05704E-07   2.27700E-06   3.45207E-06   1.35254E-06   3.01740E-07   7.31811E-07   6.49676E-06   5.53620E-06   7.39798E-07   9.43409E-07   3.99470E-06   7.26603E-06   4.44129E-05   1.31714E-04   2.47681E-04   1.27083E-02   1.59392E-01   3.27390E-01   3.27390E-01   1.59392E-01   1.27083E-02   2.47681E-04   1.31714E-04   4.44129E-05   7.26603E-06   3.99470E-06   9.43409E-07   7.39798E-07   5.53620E-06   6.49676E-06   7.31811E-07   3.01740E-07   1.35254E-06   3.45207E-06   2.27700E-06   5.05704E-07   3.35792E-07   6.02293E-07   1.63229E-06   2.43743E-06   4.50401E-05   1.47696E-06
  1.09500E-06   1.04204E-04   4.35243E-07   1.20791E-06   4.33261E-07   3.07981E-07   3.42434E-07   5.33623E-07   8.20196E-07   1.99581E-06   2.28072E-07   1.98461E-07   2.13347E-06   5.41015E-06   2.37715E-06   1.20328E-06   3.69704E-06   3.47080E-06   4.65019E-05   1.14519E-04   2.73222E-04   1.28055E-02   1.59449E-01   3.27182E-01   3.27182E-01   1.59449E-01   1.28055E-02   2.73222E-04   1.14519E-04   4.65019E-05   3.47080E-06   3.69704E-06   1.20328E-06   2.37715E-06   5.41015E-06   2.13347E-06   1.98461E-07   2.28072E-07   1.99581E-06   8.20196E-07   5.33623E-07   3.42434E-07   3.07981E-07   4.33261E-07   1.20791E-06   4.35243E-07   1.04204E-04   1.09500E-06
  1.40318E-06   5.24601E-05   1.53692E-07   2.68390E-06   1.82943E-06   3.45621E-07   3.35860E-07   9.00167E-08   5.78919E-07   1.74745E-06   3.00974E-07   1.56110E-07   3.25531E-06   5.24835E-06   5.07922E-06   8.87189E-07   2.84816E-06   4.97581E-06   4.85370E-05   8.64924E-05   2.49967E-04   1.28985E-02   1.59461E-01   3.27171E-01   3.27171E-01   1.59461E-01   1.28985E-02   2.49967E-04   8.64924E-05   4.85370E-05   4.97581E-06   2.84816E-06   8.87189E-07   5.07922E-06   5.24835E-06   3.25531E-06   1.56110E-07   3.00974E-07   1.74745E-06   5.78919E-07   9.00167E-08   3.35860E-07   3.45621E-07   1.82943E-06   2.68390E-06   1.53692E-07   5.24601E-05   1.40318E-06
  2.69090E-06   3.25759E-05   2.24355E-07   1.04094E-07   1.29726E-06   3.13796E-07   4.53637E-07   7.45662E-07   1.44903E-06   5.62352E-07   3.26674E-07   2.39102E-07   1.26090E-06   4.99114E-06   3.25207E-06   7.71927E-07   1.97070E-06   3.21291E-06   4.90235E-05   6.54720E-05   2.15849E-04   1.29900E-02   1.59373E-01   3.27250E-01   3.27250E-01   1.59373E-01   1.29900E-02   2.15849E-04   6.54720E-05   4.90235E-05   3.21291E-06   1.97070E-06   7.71927E-07   3.25207E-06   4.99114E-06   1.26090E-06   2.39102E-07   3.26674E-07   5.62352E-07   1.44903E-06   7.45662E-07   4.53637E-07   3.13796E-07   1.29726E-06   1.04094E-07   2.24355E-07   3.25759E-05   2.69090E-06
  3.68976E-06   6.17276E-05   2.07650E-07   1.35937E-07   1.82847E-06   3.21572E-07   5.39040E-07   5.13624E-07   6.43700E-07   1.19439E-07   3.46717E-07   1.60877E-07   7.36641E-07   4.81125E-06   1.86409E-06   1.50971E-06   1.42480E-06   3.02921E-06   4.74205E-05   6.18511E-05   2.06492E-04   1.30895E-02   1.59151E-01   3.27360E-01   3.27360E-01   1.59151E-01   1.30895E-02   2.06492E-04   6.18511E-05   4.74205E-05   3.02921E-06   1.42480E-06   1.50971E-06   1.86409E-06   4.81125E-06   7.36641E-07   1.60877E-07   3.46717E-07   1.19439E-07   6.43700E-07   5.13624E-07   5.39040E-07   3.21572E-07   1.82847E-06   1.35937E-07   2.07650E-07   6.17276E-05   3.68976E-06
  8.56949E-07   4.24018E-05   6.14459E-07   1.19595E-08   9.03242E-07   3.44670E-07   8.81045E-06   1.61649E-06   3.68722E-06   1.91921E-06   3.08117E-07   9.87006E-07   1.40732E-06   4.50772E-06   1.82344E-06   2.27233E-06   1.30098E-06   8.46795E-06   4.48210E-05   7.19150E-05   2.19546E-04   1.31995E-02   1.58823E-01   3.27558E-01   3.27558E-01   1.58823E-01   1.31995E-02   2.19546E-04   7.19150E-05   4.48210E-05   8.46795E-06   1.30098E-06   2.27233E-06   1.82344E-06   4.50772E-06   1.40732E-06   9.87006E-07   3.08117E-07   1.91921E-06   3.68722E-06   1.61649E-06   8.81045E-06   3.44670E-07   9.03242E-07   1.19595E-08   6.14459E-07   4.24018E-05   8.56949E-07
  1.60049E-07   6.35784E-05   1.38358E-06   1.64762E-09   1.88251E-06   3.00945E-07   6.59509E-07   4.47746E-06   6.77178E-06   1.10853E-06   3.11758E-07   9.32724E-07   9.24154E-06   4.32073E-06   1.82291E-06   2.66978E-06   1.39300E-06   1.26621E-05   4.14864E-05   8.33486E-05   2.24004E-04   1.33044E-02   1.58396E-01   3.27838E-01   3.27838E-01   1.58396E-01   1.33044E-02   2.24004E-04   8.33486E-05   4.14864E-05   1.26621E-05   1.39300E-06   2.66978E-06   1.82291E-06   4.32073E-06   9.24154E-06   9.32724E-07   3.11758E-07   1.10853E-06   6.77178E-06   4.47746E-06   6.59509E-07   3.00945E-07   1.88251E-06   1.64762E-09   1.38358E-06   6.35784E-05   1.60049E-07
  8.89611E-08   5.10443E-05   2.77157E-06   2.13796E-06   1.98932E-06   2.36693E-07   3.04626E-07   4.42470E-06   5.63172E-06   2.80307E-07   2.86629E-07   4.77315E-07   5.93190E-06   3.88570E-06   2.94875E-08   2.62834E-06   1.44557E-06   1.22102E-05   3.74493E-05   8.64009E-05   1.97383E-04   1.33915E-02   1.57923E-01   3.28269E-01   3.28269E-01   1.57923E-01   1.33915E-02   1.97383E-04   8.64009E-05   3.74493E-05   1.22102E-05   1.44557E-06   2.62834E-06   2.94875E-08   3.88570E-06   5.93190E-06   4.77315E-07   2.86629E-07   2.80307E-07   5.63172E-06   4.42470E-06   3.04626E-07   2.36693E-07   1.98932E-06   2.13796E-06   2.77157E-06   5.10443E-05   8.89611E-08
  3.60520E-08   1.65350E-05   3.74963E-06   1.09362E-06   8.40424E-07   1.64764E-07   4.90443E-07   4.77814E-06   2.58352E-06   8.02607E-07   3.70529E-07   3.26496E-06   1.40084E-06   3.44030E-06   3.20640E-07   2.31124E-06   1.23730E-06   9.76187E-06   3.39174E-05   8.08090E-05   1.49701E-04   1.34606E-02   1.57415E-01   3.28807E-01   3.28807E-01   1.57415E-01   1.34606E-02   1.49701E-04   8.08090E-05   3.39174E-05   9.76187E-06   1.23730E-06   2.31124E-06   3.20640E-07   3.44030E-06   1.40084E-06   3.26496E-06   3.70529E-07   8.02607E-07   2.58352E-06   4.77814E-06   4.90443E-07   1.64764E-07   8.40424E-07   1.09362E-06   3.74963E-06   1.65350E-05   3.60520E-08
  1.01923E-10   5.57177E-05   3.41405E-06   6.83420E-07   3.64775E-07   1.28754E-07   1.09551E-06   1.20517E-05   3.92822E-07   4.31377E-07   3.67298E-07   3.15955E-06   1.71234E-06   3.05872E-06   2.65848E-07   1.45594E-06   7.58663E-07   1.17263E-05   3.19126E-05   7.43321E-05   1.13867E-04   1.35264E-02   1.56839E-01   3.29318E-01   3.29318E-01   1.56839E-01   1.35264E-02   1.13867E-04   7.43321E-05   3.19126E-05   1.17263E-05   7.58663E-07   1.45594E-06   2.65848E-07   3.05872E-06   1.71234E-06   3.15955E-06   3.67298E-07   4.31377E-07   3.92822E-07   1.20517E-05   1.09551E-06   1.28754E-07   3.64775E-07   6.83420E-07   3.41405E-06   5.57177E-05   1.01923E-10
  4.23097E-07   1.40569E-04   3.58724E-06   2.36246E-07   4.71858E-07   1.17010E-07   6.17065E-07   9.58055E-07   6.35543E-07   2.20811E-06   3.53965E-07   3.79649E-06   2.76275E-06   2.74901E-06   3.91656E-07   6.49341E-07   2.35845E-07   2.08904E-05   3.15333E-05   7.48534E-05   1.15255E-04   1.36111E-02   1.56212E-01   3.29774E-01   3.29774E-01   1.56212E-01   1.36111E-02   1.15255E-04   7.48534E-05   3.15333E-05   2.08904E-05   2.35845E-07   6.49341E-07   3.91656E-07   2.74901E-06   2.76275E-06   3.79649E-06   3.53965E-07   2.20811E-06   6.35543E-07   9.58055E-07   6.17065E-07   1.17010E-07   4.71858E-07   2.36246E-07   3.58724E-06   1.40569E-04   4.23097E-07
  5.54403E-07   2.47952E-05   2.36549E-06   1.00928E-06   3.46658E-07   9.88166E-08   1.66712E-06   5.79975E-06   2.01352E-06   5.79525E-07   3.57927E-07   2.90374E-06   1.27070E-06   2.55042E-06   6.66045E-07   4.29933E-07   5.00945E-08   2.55157E-05   3.22424E-05   8.36868E-05   1.49907E-04   1.37266E-02   1.55622E-01   3.30312E-01   3.30312E-01   1.55622E-01   1.37266E-02   1.49907E-04   8.36868E-05   3.22424E-05   2.55157E-05   5.00945E-08   4.29933E-07   6.66045E-07   2.55042E-06   1.27070E-06   2.90374E-06   3.57927E-07   5.79525E-07   2.01352E-06   5.79975E-06   1.66712E-06   9.88166E-08   3.46658E-07   1.00928E-06   2.36549E-06   2.47952E-05   5.54403E-07
  3.05831E-07   2.09829E-05   2.69759E-06   4.90272E-08   1.28766E-07   7.52865E-08   3.65916E-07   7.07767E-06   1.23743E-06   1.34085E-06   3.28292E-07   2.06612E-06   7.47863E-07   2.27920E-06   3.35587E-06   4.03126E-07   2.66708E-07   1.71799E-05   3.30009E-05   9.52370E-05   1.89913E-04   1.38497E-02   1.55011E-01   3.30761E-01   3.30761E-01   1.55011E-01   1.38497E-02   1.89913E-04   9.52370E-05   3.30009E-05   1.71799E-05   2.66708E-07   4.03126E-07   3.35587E-06   2.27920E-06   7.47863E-07   2.06612E-06   3.28292E-07   1.34085E-06   1.23743E-06   7.07767E-06   3.65916E-07   7.52865E-08   1.28766E-07   4.90272E-08   2.69759E-06   2.09829E-05   3.05831E-07
  3.95671E-07   8.98399E-06   2.94849E-06   6.77760E-07   1.72255E-07   6.40659E-08   8.28392E-07   1.02936E-06   2.48278E-07   8.62646E-07   3.31901E-07   1.90578E-06   1.61925E-06   2.06919E-06   1.62818E-06   2.94925E-07   5.54183E-07   7.71699E-06   3.31023E-05   1.01923E-04   2.09349E-04   1.39595E-02   1.54443E-01   3.31221E-01   3.31221E-01   1.54443E-01   1.39595E-02   2.09349E-04   1.01923E-04   3.31023E-05   7.71699E-06   5.54183E-07   2.94925E-07   1.62818E-06   2.06919E-06   1.61925E-06   1.90578E-06   3.31901E-07   8.62646E-07   2.48278E-07   1.02936E-06   8.28392E-07   6.40659E-08   1.72255E-07   6.77760E-07   2.94849E-06   8.98399E-06   3.95671E-07
  9.94376E-07   6.65473E-06   2.25272E-06   3.59564E-07   2.49062E-07   5.64374E-08   3.80877E-07   8.97433E-08   1.16460E-06   1.07381E-06   3.42863E-07   2.02149E-06   2.14423E-06   1.97102E-06   2.15946E-07   2.54255E-07   6.38400E-07   6.74026E-06   3.25266E-05   9.92390E-05   2.04945E-04   1.40425E-02   1.53924E-01   3.31670E-01   3.31670E-01   1.53924E-01   1.40425E-02   2.04945E-04   9.92390E-05   3.25266E-05   6.74026E-06   6.38400E-07   2.54255E-07   2.15946E-07   1.97102E-06   2.14423E-06   2.02149E-06   3.42863E-07   1.07381E-06   1.16460E-06   8.97433E-08   3.80877E-07   5.64374E-08   2.49062E-07   3.59564E-07   2.25272E-06   6.65473E-06   9.94376E-07
  1.34943E-07   5.49111E-06   1.14349E-06   6.13431E-08   3.79543E-08   4.83424E-08   1.33661E-07   3.81862E-07   1.89632E-06   1.72457E-06   3.25284E-07   2.51305E-06   1.63345E-06   1.85855E-06   5.96779E-07   1.71270E-07   5.70888E-07   7.64095E-06   3.15007E-05   8.79559E-05   1.93957E-04   1.41080E-02   1.53458E-01   3.32095E-01   3.32095E-01   1.53458E-01   1.41080E-02   1.93957E-04   8.79559E-05   3.15007E-05   7.64095E-06   5.70888E-07   1.71270E-07   5.96779E-07   1.85855E-06   1.63345E-06   2.51305E-06   3.25284E-07   1.72457E-06   1.89632E-06   3.81862E-07   1.33661E-07   4.83424E-08   3.79543E-08   6.13431E-08   1.14349E-06   5.49111E-06   1.34943E-07
  4.77338E-07   3.96323E-06   4.17502E-07   2.13352E-07   1.83738E-08   4.50100E-08   3.42115E-07   1.24870E-06   2.23624E-06   2.60902E-07   2.59311E-07   1.25489E-06   7.78996E-07   1.75461E-06   4.69128E-07   3.89356E-08   5.03763E-07   4.72431E-06   3.01920E-05   7.30000E-05   1.94923E-04   1.41762E-02   1.53037E-01   3.32469E-01   3.32469E-01   1.53037E-01   1.41762E-02   1.94923E-04   7.30000E-05   3.01920E-05   4.72431E-06   5.03763E-07   3.89356E-08   4.69128E-07   1.75461E-06   7.78996E-07   1.25489E-06   2.59311E-07   2.60902E-07   2.23624E-06   1.24870E-06   3.42115E-07   4.50100E-08   1.83738E-08   2.13352E-07   4.17502E-07   3.96323E-06   4.77338E-07
  5.74423E-07   1.71701E-06   9.89369E-08   4.29242E-08   3.74483E-08   3.51694E-08   2.30375E-07   1.30185E-06   1.64064E-06   9.41298E-07   2.07092E-07   7.56106E-07   1.15170E-06   1.66534E-06   4.55961E-07   7.90053E-08   5.52157E-07   9.30699E-07   2.88919E-05   6.04192E-05   2.12839E-04   1.42607E-02   1.52652E-01   3.32773E-01   3.32773E-01   1.52652E-01   1.42607E-02   2.12839E-04   6.04192E-05   2.88919E-05   9.30699E-07   5.52157E-07   7.90053E-08   4.55961E-07   1.66534E-06   1.15170E-06   7.56106E-07   2.07092E-07   9.41298E-07   1.64064E-06   1.30185E-06   2.30375E-07   3.51694E-08   3.74483E-08   4.29242E-08   9.89369E-08   1.71701E-06   5.74423E-07
  1.12520E-07   6.24307E-06   6.86206E-09   1.03521E-07   9.29595E-08   3.52333E-08   5.46498E-08   8.44473E-07   3.73664E-07   1.03658E-06   1.92276E-07   4.83784E-07   2.42082E-07   1.59853E-06   6.57883E-07   1.49562E-07   7.63332E-07   1.11883E-06   2.81547E-05   5.42441E-05   2.40845E-04   1.43596E-02   1.52299E-01   3.33004E-01   3.33004E-01   1.52299E-01   1.43596E-02   2.40845E-04   5.42441E-05   2.81547E-05   1.11883E-06   7.63332E-07   1.49562E-07   6.57883E-07   1.59853E-06   2.42082E-07   4.83784E-07   1.92276E-07   1.03658E-06   3.73664E-07   8.44473E-07   5.46498E-08   3.52333E-08   9.29595E-08   1.03521E-07   6.86206E-09   6.24307E-06   1.12520E-07
  1.60548E-07   6.49609E-06   7.50760E-08   5.92733E-08   6.94997E-08   3.31809E-08   4.50348E-08   9.21151E-07   9.70624E-08   7.63167E-07   1.58809E-07   5.52911E-07   1.06508E-06   1.54236E-06   1.02868E-06   1.11688E-07   1.08358E-06   5.98364E-06   2.80976E-05   5.45593E-05   2.70391E-04   1.44623E-02   1.51984E-01   3.33181E-01   3.33181E-01   1.51984E-01   1.44623E-02   2.70391E-04   5.45593E-05   2.80976E-05   5.98364E-06   1.08358E-06   1.11688E-07   1.02868E-06   1.54236E-06   1.06508E-06   5.52911E-07   1.58809E-07   7.63167E-07   9.70624E-08   9.21151E-07   4.50348E-08   3.31809E-08   6.94997E-08   5.92733E-08   7.50760E-08   6.49609E-06   1.60548E-07
  3.21491E-07   1.75260E-05   9.35187E-08   6.63220E-07   7.90834E-08   3.26554E-08   6.30879E-07   2.57199E-07   2.18527E-07   8.78122E-07   1.37642E-07   1.85874E-07   2.93644E-07   1.45638E-06   6.22970E-07   8.42701E-08   1.44943E-06   9.19252E-06   2.80150E-05   5.77264E-05   2.96365E-04   1.45603E-02   1.51709E-01   3.33315E-01   3.33315E-01   1.51709E-01   1.45603E-02   2.96365E-04   5.77264E-05   2.80150E-05   9.19252E-06   1.44943E-06   8.42701E-08   6.22970E-07   1.45638E-06   2.93644E-07   1.85874E-07   1.37642E-07   8.78122E-07   2.18527E-07   2.57199E-07   6.30879E-07   3.26554E-08   7.90834E-08   6.63220E-07   9.35187E-08   1.75260E-05   3.21491E-07
  3.84081E-07   1.23838E-06   2.64377E-08   4.17233E-08   1.03564E-08   3.84828E-08   4.61445E-08   1.17183E-07   1.86091E-07   2.60200E-07   1.43534E-07   1.28032E-07   5.84321E-07   1.36380E-06   5.86824E-07   8.65197E-08   1.74380E-06   6.90140E-06   2.74177E-05   5.90147E-05   3.15602E-04   1.46541E-02   1.51489E-01   3.33441E-01   3.33441E-01   1.51489E-01   1.46541E-02   3.15602E-04   5.90147E-05   2.74177E-05   6.90140E-06   1.74380E-06   8.65197E-08   5.86824E-07   1.36380E-06   5.84321E-07   1.28032E-07   1.43534E-07   2.60200E-07   1.86091E-07   1.17183E-07   4.61445E-08   3.84828E-08   1.03564E-08   4.17233E-08   2.64377E-08   1.23838E-06   3.84081E-07
