  5.17616E-05   5.11909E-07   1.14755E-05   5.98779E-06   5.95547E-06   1.45876E-05   1.70042E-06   7.74378E-05   5.71540E-06   3.24252E-09   7.76227E-05   6.41231E-06   6.11461E-06   1.93436E-04   4.50663E-07   6.07613E-04   8.97236E-04   5.98475E-05   2.72043E-03   1.80941E-04   7.02965E-03   2.70671E-02   1.13389E-02   4.49639E-01   4.49639E-01   1.13389E-02   2.70671E-02   7.02965E-03   1.80941E-04   2.72043E-03   5.98475E-05   8.97236E-04   6.07614E-04   4.50664E-07   1.93436E-04   6.11461E-06   6.41232E-06   7.76228E-05   3.24249E-09   5.71541E-06   7.74378E-05   1.70043E-06   1.45876E-05   5.95547E-06   5.98779E-06   1.14755E-05   5.11909E-07   5.17616E-05
  1.76693E-05   3.47464E-07   7.40086E-06   5.89469E-06   4.17872E-06   1.80894E-05   1.33947E-06   1.85056E-05   3.93490E-06   1.09306E-07   8.12006E-05   1.84221E-06   2.09448E-06   1.86049E-04   2.20599E-07   4.65486E-04   7.83234E-04   3.05171E-05   2.56571E-03   1.93984E-04   7.37237E-03   2.78980E-02   1.11658E-02   4.49176E-01   4.49176E-01   1.11658E-02   2.78980E-02   7.37237E-03   1.93984E-04   2.56571E-03   3.05171E-05   7.83234E-04   4.65486E-04   2.20599E-07   1.86049E-04   2.09449E-06   1.84220E-06   8.12006E-05   1.09306E-07   3.93490E-06   1.85056E-05   1.33947E-06   1.80894E-05   4.17872E-06   5.89469E-06   7.40088E-06   3.47464E-07   1.76693E-05
  2.11142E-05   1.52707E-06   3.34114E-06   1.79783E-06   1.73947E-06   2.17491E-05   6.41273E-07   2.81623E-05   2.07257E-06   2.37944E-07   7.54657E-05   3.53051E-06   3.93884E-06   1.80622E-04   6.25310E-07   2.81494E-04   6.49651E-04   1.15453E-05   2.34516E-03   1.99587E-04   6.90031E-03   2.93550E-02   1.07746E-02   4.49136E-01   4.49136E-01   1.07745E-02   2.93550E-02   6.90031E-03   1.99587E-04   2.34516E-03   1.15453E-05   6.49651E-04   2.81494E-04   6.25310E-07   1.80622E-04   3.93884E-06   3.53051E-06   7.54657E-05   2.37944E-07   2.07257E-06   2.81623E-05   6.41273E-07   2.17491E-05   1.73947E-06   1.79783E-06   3.34114E-06   1.52707E-06   2.11142E-05
  1.19687E-05   4.99893E-06   1.37994E-06   2.60736E-06   6.04783E-06   2.39350E-05   2.20958E-06   2.09466E-05   3.67007E-06   6.24343E-07   5.58387E-05   8.94233E-06   3.85079E-06   1.78754E-04   1.90087E-06   2.04602E-04   5.20405E-04   1.58530E-05   2.09703E-03   1.88267E-04   5.46991E-03   3.14928E-02   1.01240E-02   4.49560E-01   4.49559E-01   1.01240E-02   3.14928E-02   5.46991E-03   1.88267E-04   2.09703E-03   1.58530E-05   5.20404E-04   2.04602E-04   1.90087E-06   1.78754E-04   3.85078E-06   8.94233E-06   5.58387E-05   6.24342E-07   3.67007E-06   2.09466E-05   2.20958E-06   2.39350E-05   6.04783E-06   2.60736E-06   1.37993E-06   4.99892E-06   1.19687E-05
  3.87535E-05   9.22832E-06   1.31425E-06   5.91416E-06   1.27616E-05   2.27801E-05   5.02280E-06   1.11539E-05   2.73555E-06   9.86001E-07   3.62342E-05   1.30889E-05   4.58710E-06   1.80620E-04   1.37264E-06   4.40186E-04   3.95535E-04   2.73731E-05   1.82782E-03   1.63402E-04   3.81871E-03   3.43983E-02   9.30387E-03   4.49278E-01   4.49278E-01   9.30387E-03   3.43983E-02   3.81871E-03   1.63402E-04   1.82782E-03   2.73731E-05   3.95535E-04   4.40186E-04   1.37264E-06   1.80620E-04   4.58710E-06   1.30889E-05   3.62342E-05   9.85998E-07   2.73555E-06   1.11539E-05   5.02281E-06   2.27801E-05   1.27616E-05   5.91415E-06   1.31425E-06   9.22832E-06   3.87535E-05
  3.83733E-05   1.01313E-05   1.27114E-06   5.38987E-06   1.46218E-05   1.82733E-05   5.27553E-06   2.07034E-05   1.05908E-06   4.92549E-06   2.96355E-05   4.52644E-05   1.37769E-05   1.82804E-04   3.43186E-06   8.52512E-04   3.09582E-04   2.25057E-05   1.55523E-03   1.43485E-04   3.04536E-03   3.81658E-02   8.56208E-03   4.46948E-01   4.46948E-01   8.56208E-03   3.81658E-02   3.04536E-03   1.43485E-04   1.55523E-03   2.25057E-05   3.09583E-04   8.52511E-04   3.43185E-06   1.82804E-04   1.37769E-05   4.52645E-05   2.96354E-05   4.92548E-06   1.05908E-06   2.07034E-05   5.27552E-06   1.82733E-05   1.46217E-05   5.38987E-06   1.27114E-06   1.01313E-05   3.83733E-05
  6.74351E-05   3.91791E-06   1.00898E-06   8.11056E-06   3.34759E-05   1.40948E-05   9.55254E-06   1.67118E-05   1.22719E-06   6.48358E-06   4.06036E-05   5.63671E-05   1.67442E-05   1.83810E-04   6.33100E-06   9.90821E-04   3.28314E-04   1.25699E-05   1.30140E-03   1.55461E-04   3.64831E-03   4.27843E-02   8.26222E-03   4.42051E-01   4.42051E-01   8.26222E-03   4.27844E-02   3.64831E-03   1.55461E-04   1.30140E-03   1.25699E-05   3.28313E-04   9.90820E-04   6.33100E-06   1.83810E-04   1.67443E-05   5.63671E-05   4.06036E-05   6.48359E-06   1.22719E-06   1.67118E-05   9.55255E-06   1.40948E-05   3.34759E-05   8.11056E-06   1.00898E-06   3.91791E-06   6.74351E-05
  4.02572E-05   3.34916E-07   9.10223E-07   5.39301E-06   6.31410E-05   1.10763E-05   2.34386E-05   3.50273E-05   2.36935E-06   1.41649E-05   6.42616E-05   9.37346E-05   4.22066E-05   1.81630E-04   4.08783E-06   8.30480E-04   5.14835E-04   1.75539E-05   1.07609E-03   2.18285E-04   4.96895E-03   4.80826E-02   8.80760E-03   4.34902E-01   4.34902E-01   8.80760E-03   4.80826E-02   4.96895E-03   2.18285E-04   1.07609E-03   1.75539E-05   5.14835E-04   8.30480E-04   4.08783E-06   1.81630E-04   4.22066E-05   9.37346E-05   6.42615E-05   1.41649E-05   2.36935E-06   3.50273E-05   2.34386E-05   1.10763E-05   6.31410E-05   5.39302E-06   9.10223E-07   3.34917E-07   4.02572E-05
  6.66456E-05   1.87537E-07   1.14047E-06   2.75416E-06   2.01389E-05   1.00293E-05   1.16481E-05   5.04941E-05   3.23747E-06   1.70175E-05   1.00859E-04   1.49729E-04   5.75259E-05   1.77669E-04   9.09788E-06   1.04641E-03   8.61262E-04   2.27662E-05   9.07751E-04   3.30164E-04   5.70692E-03   5.38351E-02   1.05538E-02   4.26058E-01   4.26058E-01   1.05538E-02   5.38352E-02   5.70692E-03   3.30164E-04   9.07751E-04   2.27662E-05   8.61263E-04   1.04641E-03   9.09788E-06   1.77669E-04   5.75260E-05   1.49729E-04   1.00859E-04   1.70175E-05   3.23748E-06   5.04941E-05   1.16481E-05   1.00293E-05   2.01389E-05   2.75417E-06   1.14046E-06   1.87536E-07   6.66456E-05
  7.53325E-05   8.21579E-06   3.29702E-06   2.08277E-05   1.07954E-05   1.08529E-05   8.79396E-06   5.07307E-05   5.94805E-06   1.21178E-05   1.43678E-04   1.26542E-04   7.52301E-05   1.71163E-04   1.09113E-05   1.79435E-03   1.25677E-03   1.36280E-05   8.55180E-04   4.67093E-04   5.08564E-03   5.99435E-02   1.36897E-02   4.16160E-01   4.16160E-01   1.36897E-02   5.99435E-02   5.08564E-03   4.67093E-04   8.55181E-04   1.36280E-05   1.25677E-03   1.79435E-03   1.09113E-05   1.71163E-04   7.52301E-05   1.26542E-04   1.43678E-04   1.21178E-05   5.94804E-06   5.07307E-05   8.79397E-06   1.08529E-05   1.07954E-05   2.08276E-05   3.29701E-06   8.21578E-06   7.53325E-05
  2.61513E-04   2.91662E-05   1.01247E-05   2.19801E-05   2.29847E-05   1.22782E-05   1.08598E-05   1.19374E-04   1.23348E-05   1.64337E-05   1.65120E-04   1.57166E-04   1.19562E-04   1.65764E-04   6.08758E-06   2.03643E-03   1.53362E-03   5.08000E-06   9.68761E-04   5.89266E-04   3.49349E-03   6.63873E-02   1.80781E-02   4.05777E-01   4.05777E-01   1.80781E-02   6.63873E-02   3.49349E-03   5.89266E-04   9.68761E-04   5.08000E-06   1.53362E-03   2.03644E-03   6.08759E-06   1.65764E-04   1.19562E-04   1.57166E-04   1.65120E-04   1.64337E-05   1.23348E-05   1.19374E-04   1.08598E-05   1.22782E-05   2.29847E-05   2.19801E-05   1.01247E-05   2.91662E-05   2.61514E-04
  2.79060E-04   3.46918E-06   1.70760E-05   4.97860E-05   1.19996E-07   1.34671E-05   2.98183E-07   8.34204E-05   1.18292E-05   2.28344E-06   1.67666E-04   9.83707E-05   8.58795E-05   1.59198E-04   9.97588E-06   1.37155E-03   1.59768E-03   6.72560E-06   1.26262E-03   6.56639E-04   1.96849E-03   7.30216E-02   2.31753E-02   3.95958E-01   3.95957E-01   2.31753E-02   7.30216E-02   1.96849E-03   6.56639E-04   1.26261E-03   6.72560E-06   1.59768E-03   1.37155E-03   9.97590E-06   1.59198E-04   8.58795E-05   9.83706E-05   1.67666E-04   2.28344E-06   1.18292E-05   8.34203E-05   2.98186E-07   1.34671E-05   1.19993E-07   4.97860E-05   1.70760E-05   3.46920E-06   2.79060E-04
  5.59748E-04   1.12872E-05   1.93454E-05   1.34744E-04   6.00117E-05   1.54891E-05   3.94218E-05   1.91689E-04   1.40419E-05   5.88667E-06   1.97177E-04   5.83905E-05   1.15374E-04   1.50426E-04   9.47106E-06   7.48770E-04   1.47551E-03   6.26193E-06   1.69053E-03   6.51294E-04   1.14178E-03   7.88903E-02   2.79545E-02   3.85859E-01   3.85859E-01   2.79545E-02   7.88902E-02   1.14178E-03   6.51294E-04   1.69053E-03   6.26194E-06   1.47552E-03   7.48769E-04   9.47107E-06   1.50426E-04   1.15374E-04   5.83905E-05   1.97177E-04   5.88666E-06   1.40419E-05   1.91688E-04   3.94219E-05   1.54891E-05   6.00116E-05   1.34744E-04   1.93454E-05   1.12872E-05   5.59748E-04
  3.01441E-04   6.21636E-06   2.19715E-05   2.43932E-05   8.12270E-06   1.48795E-05   7.57054E-06   2.67052E-04   3.37817E-05   1.28353E-07   3.21196E-04   1.11547E-05   6.86988E-05   1.37094E-04   7.96520E-06   5.37889E-04   1.36167E-03   1.47802E-06   2.15255E-03   5.99960E-04   8.60999E-04   8.34473E-02   3.15439E-02   3.78263E-01   3.78263E-01   3.15439E-02   8.34473E-02   8.60998E-04   5.99960E-04   2.15255E-03   1.47803E-06   1.36167E-03   5.37888E-04   7.96521E-06   1.37094E-04   6.86989E-05   1.11546E-05   3.21197E-04   1.28352E-07   3.37816E-05   2.67052E-04   7.57053E-06   1.48795E-05   8.12270E-06   2.43932E-05   2.19716E-05   6.21636E-06   3.01441E-04
  2.75863E-04   1.46943E-05   3.86826E-05   8.13840E-05   7.79735E-05   1.24512E-05   1.52187E-05   1.59172E-04   3.72248E-05   1.54869E-06   5.51009E-04   1.84668E-06   3.26806E-05   1.21104E-04   8.41098E-06   3.41754E-04   1.48319E-03   7.90890E-07   2.51510E-03   5.50363E-04   6.71482E-04   8.60129E-02   3.32980E-02   3.73697E-01   3.73697E-01   3.32980E-02   8.60130E-02   6.71482E-04   5.50363E-04   2.51510E-03   7.90890E-07   1.48319E-03   3.41754E-04   8.41098E-06   1.21104E-04   3.26806E-05   1.84665E-06   5.51009E-04   1.54869E-06   3.72247E-05   1.59173E-04   1.52187E-05   1.24511E-05   7.79734E-05   8.13840E-05   3.86827E-05   1.46944E-05   2.75863E-04
  2.20031E-04   4.22322E-05   6.47019E-05   2.76605E-05   9.34294E-06   1.23522E-05   5.24990E-07   4.91977E-04   2.63449E-05   8.03302E-07   7.93414E-04   3.37858E-05   3.02982E-05   1.02340E-04   6.46701E-06   1.32990E-04   1.89132E-03   2.76010E-06   2.68912E-03   5.44527E-04   4.03677E-04   8.65615E-02   3.31860E-02   3.72726E-01   3.72726E-01   3.31861E-02   8.65615E-02   4.03677E-04   5.44527E-04   2.68912E-03   2.76009E-06   1.89132E-03   1.32990E-04   6.46701E-06   1.02340E-04   3.02982E-05   3.37857E-05   7.93413E-04   8.03306E-07   2.63449E-05   4.91977E-04   5.24992E-07   1.23522E-05   9.34294E-06   2.76606E-05   6.47019E-05   4.22322E-05   2.20031E-04
  1.08748E-04   1.27480E-05   6.45803E-05   2.68679E-05   2.00392E-05   1.05225E-05   3.60041E-05   1.75386E-04   7.38109E-05   8.19754E-07   9.31817E-04   5.57168E-05   8.90562E-06   8.39801E-05   1.50345E-05   3.95512E-05   2.39141E-03   6.07469E-06   2.65504E-03   5.93211E-04   1.86613E-04   8.55112E-02   3.17317E-02   3.75260E-01   3.75260E-01   3.17317E-02   8.55112E-02   1.86613E-04   5.93210E-04   2.65504E-03   6.07469E-06   2.39141E-03   3.95512E-05   1.50345E-05   8.39802E-05   8.90561E-06   5.57167E-05   9.31817E-04   8.19755E-07   7.38110E-05   1.75386E-04   3.60041E-05   1.05225E-05   2.00392E-05   2.68679E-05   6.45803E-05   1.27480E-05   1.08748E-04
  7.48204E-04   1.33904E-06   4.84281E-05   7.04177E-05   1.87215E-05   1.23954E-05   9.96067E-06   2.69177E-04   1.20982E-04   2.46640E-06   8.90899E-04   5.90963E-05   6.59824E-06   6.78581E-05   1.11669E-05   1.24168E-04   2.67953E-03   1.35203E-05   2.42874E-03   6.69995E-04   1.64432E-04   8.30193E-02   2.96693E-02   3.78893E-01   3.78893E-01   2.96693E-02   8.30192E-02   1.64432E-04   6.69995E-04   2.42874E-03   1.35203E-05   2.67953E-03   1.24168E-04   1.11669E-05   6.78581E-05   6.59824E-06   5.90964E-05   8.90899E-04   2.46640E-06   1.20982E-04   2.69177E-04   9.96067E-06   1.23954E-05   1.87215E-05   7.04176E-05   4.84281E-05   1.33903E-06   7.48203E-04
  2.87581E-05   4.46766E-05   4.93275E-05   6.47369E-06   1.74517E-06   1.36642E-05   1.49502E-06   4.34422E-04   7.24559E-05   7.88502E-07   7.55180E-04   8.04844E-05   2.99241E-05   5.44233E-05   1.42825E-07   3.95290E-04   2.60350E-03   2.57643E-05   2.08375E-03   7.36328E-04   3.29250E-04   7.99047E-02   2.81262E-02   3.84221E-01   3.84221E-01   2.81262E-02   7.99046E-02   3.29250E-04   7.36329E-04   2.08375E-03   2.57643E-05   2.60351E-03   3.95290E-04   1.42822E-07   5.44233E-05   2.99241E-05   8.04842E-05   7.55181E-04   7.88501E-07   7.24558E-05   4.34422E-04   1.49501E-06   1.36641E-05   1.74518E-06   6.47369E-06   4.93275E-05   4.46766E-05   2.87580E-05
  1.75875E-04   1.72405E-06   7.69042E-05   7.02939E-07   5.31642E-05   1.86639E-05   1.10971E-05   6.31784E-06   1.23344E-04   3.23447E-06   7.59952E-04   5.84428E-05   4.15955E-05   4.69969E-05   5.59636E-06   5.28074E-04   2.20759E-03   3.27789E-05   1.70934E-03   7.55069E-04   5.33850E-04   7.61572E-02   2.79003E-02   3.88792E-01   3.88792E-01   2.79003E-02   7.61573E-02   5.33850E-04   7.55068E-04   1.70934E-03   3.27789E-05   2.20759E-03   5.28074E-04   5.59635E-06   4.69970E-05   4.15955E-05   5.84428E-05   7.59952E-04   3.23446E-06   1.23344E-04   6.31789E-06   1.10971E-05   1.86639E-05   5.31642E-05   7.02941E-07   7.69041E-05   1.72404E-06   1.75874E-04
  9.99083E-05   5.25188E-06   1.02044E-04   2.00672E-05   5.10252E-05   3.36965E-05   7.24541E-05   2.03677E-04   2.50736E-04   1.30888E-05   9.65965E-04   6.97826E-05   5.91696E-05   3.84535E-05   1.82559E-05   3.77175E-04   1.68340E-03   2.63298E-05   1.40893E-03   7.11116E-04   6.09902E-04   7.19247E-02   2.96579E-02   3.91597E-01   3.91597E-01   2.96579E-02   7.19247E-02   6.09901E-04   7.11115E-04   1.40893E-03   2.63299E-05   1.68340E-03   3.77174E-04   1.82560E-05   3.84535E-05   5.91696E-05   6.97826E-05   9.65966E-04   1.30888E-05   2.50736E-04   2.03677E-04   7.24540E-05   3.36965E-05   5.10252E-05   2.00672E-05   1.02044E-04   5.25190E-06   9.99087E-05
  1.33439E-05   3.24217E-07   9.14934E-05   2.97935E-05   1.62610E-05   4.49497E-05   3.12803E-05   1.63243E-04   1.23751E-04   6.96680E-06   1.25416E-03   1.32736E-05   8.47125E-06   3.40627E-05   1.19685E-05   2.62211E-04   1.25249E-03   2.60203E-05   1.25288E-03   6.13891E-04   5.00605E-04   6.74776E-02   3.38180E-02   3.92953E-01   3.92953E-01   3.38180E-02   6.74775E-02   5.00605E-04   6.13891E-04   1.25288E-03   2.60203E-05   1.25249E-03   2.62210E-04   1.19685E-05   3.40628E-05   8.47129E-06   1.32736E-05   1.25416E-03   6.96681E-06   1.23751E-04   1.63243E-04   3.12802E-05   4.49497E-05   1.62610E-05   2.97935E-05   9.14934E-05   3.24217E-07   1.33440E-05
  1.20411E-04   5.28361E-06   5.86582E-05   1.42531E-05   8.28095E-06   5.58105E-05   1.08296E-06   2.08432E-05   5.74939E-05   5.23347E-07   1.40447E-03   3.25232E-05   6.10296E-05   3.39664E-05   8.43130E-06   2.41155E-04   9.91669E-04   3.60796E-05   1.25712E-03   4.85845E-04   2.93419E-04   6.27813E-02   4.02993E-02   3.91731E-01   3.91731E-01   4.02993E-02   6.27813E-02   2.93419E-04   4.85845E-04   1.25712E-03   3.60796E-05   9.91669E-04   2.41155E-04   8.43130E-06   3.39664E-05   6.10295E-05   3.25232E-05   1.40447E-03   5.23349E-07   5.74939E-05   2.08432E-05   1.08296E-06   5.58105E-05   8.28095E-06   1.42531E-05   5.86582E-05   5.28362E-06   1.20411E-04
  2.24436E-04   1.67604E-06   6.25352E-05   2.61016E-06   2.90452E-06   6.87680E-05   1.28934E-06   2.35075E-04   2.49149E-04   7.18519E-06   1.23221E-03   8.92551E-05   3.80937E-05   2.54973E-05   2.43127E-05   1.04060E-04   8.31718E-04   2.75709E-05   1.39022E-03   3.57025E-04   1.22860E-04   5.80363E-02   4.87284E-02   3.88137E-01   3.88137E-01   4.87284E-02   5.80363E-02   1.22860E-04   3.57024E-04   1.39022E-03   2.75709E-05   8.31718E-04   1.04060E-04   2.43127E-05   2.54973E-05   3.80937E-05   8.92549E-05   1.23221E-03   7.18519E-06   2.49149E-04   2.35075E-04   1.28936E-06   6.87680E-05   2.90452E-06   2.61014E-06   6.25351E-05   1.67604E-06   2.24436E-04
  6.51001E-05   5.56459E-06   1.16744E-04   4.89965E-08   5.01458E-05   7.24471E-05   8.64346E-06   4.63296E-04   2.22355E-04   1.34280E-05   9.44623E-04   6.75308E-05   1.52853E-05   2.70721E-05   1.23004E-05   1.82005E-05   6.97116E-04   1.28301E-05   1.58820E-03   2.54312E-04   4.48401E-05   5.35055E-02   5.85322E-02   3.83262E-01   3.83262E-01   5.85322E-02   5.35055E-02   4.48400E-05   2.54312E-04   1.58820E-03   1.28301E-05   6.97116E-04   1.82006E-05   1.23004E-05   2.70721E-05   1.52853E-05   6.75308E-05   9.44623E-04   1.34280E-05   2.22355E-04   4.63296E-04   8.64345E-06   7.24471E-05   5.01457E-05   4.89992E-08   1.16744E-04   5.56457E-06   6.51001E-05
  3.97161E-06   2.42252E-05   1.52111E-04   1.29205E-06   4.48641E-05   6.24329E-05   5.14666E-06   1.62147E-04   1.57970E-05   2.10562E-05   6.35418E-04   5.72403E-05   3.57391E-05   2.80868E-05   1.28082E-05   2.59993E-05   5.64036E-04   1.85410E-05   1.78097E-03   1.88901E-04   3.42344E-05   4.92713E-02   6.89546E-02   3.77899E-01   3.77899E-01   6.89546E-02   4.92713E-02   3.42342E-05   1.88901E-04   1.78097E-03   1.85410E-05   5.64036E-04   2.59996E-05   1.28082E-05   2.80869E-05   3.57391E-05   5.72404E-05   6.35418E-04   2.10562E-05   1.57970E-05   1.62147E-04   5.14664E-06   6.24329E-05   4.48641E-05   1.29203E-06   1.52111E-04   2.42252E-05   3.97158E-06
  1.05183E-06   7.38163E-06   1.23428E-04   2.21635E-06   6.25911E-05   5.22578E-05   4.53779E-05   3.28161E-05   9.64091E-05   1.49697E-05   5.18360E-04   3.59896E-05   8.92542E-06   2.36791E-05   2.29828E-05   1.23630E-04   4.19100E-04   1.93854E-05   1.89202E-03   1.52017E-04   6.53324E-05   4.52074E-02   7.90586E-02   3.72014E-01   3.72014E-01   7.90586E-02   4.52074E-02   6.53323E-05   1.52017E-04   1.89202E-03   1.93854E-05   4.19101E-04   1.23630E-04   2.29828E-05   2.36791E-05   8.92538E-06   3.59896E-05   5.18360E-04   1.49697E-05   9.64091E-05   3.28162E-05   4.53779E-05   5.22578E-05   6.25911E-05   2.21635E-06   1.23427E-04   7.38165E-06   1.05182E-06
  7.73779E-06   1.07727E-05   6.42085E-05   2.54815E-05   1.17670E-05   5.05979E-05   3.48387E-05   8.70742E-05   2.73991E-04   9.10176E-07   5.22704E-04   1.05990E-06   3.10939E-05   2.41451E-05   1.63912E-05   5.10792E-04   2.77616E-04   1.13381E-05   1.87169E-03   1.23557E-04   1.29463E-04   4.12846E-02   8.81746E-02   3.66453E-01   3.66454E-01   8.81746E-02   4.12846E-02   1.29463E-04   1.23557E-04   1.87168E-03   1.13380E-05   2.77616E-04   5.10791E-04   1.63912E-05   2.41452E-05   3.10938E-05   1.05990E-06   5.22704E-04   9.10177E-07   2.73991E-04   8.70742E-05   3.48387E-05   5.05979E-05   1.17670E-05   2.54815E-05   6.42084E-05   1.07728E-05   7.73778E-06
  1.26935E-04   1.38088E-04   6.42886E-05   2.85259E-05   4.70886E-07   5.51026E-05   8.97033E-06   6.92582E-05   1.81406E-04   8.08540E-06   4.90517E-04   4.13557E-05   3.60782E-05   2.82101E-05   1.71125E-06   7.55529E-04   1.70923E-04   1.81595E-05   1.73272E-03   8.92701E-05   1.94799E-04   3.75238E-02   9.59782E-02   3.62257E-01   3.62258E-01   9.59783E-02   3.75238E-02   1.94800E-04   8.92700E-05   1.73272E-03   1.81595E-05   1.70922E-04   7.55528E-04   1.71124E-06   2.82101E-05   3.60782E-05   4.13557E-05   4.90516E-04   8.08543E-06   1.81406E-04   6.92581E-05   8.97034E-06   5.51026E-05   4.70888E-07   2.85258E-05   6.42886E-05   1.38088E-04   1.26936E-04
  2.42222E-04   1.19733E-05   1.28776E-04   2.30666E-05   2.44323E-05   6.39549E-05   4.62755E-08   3.00905E-05   2.15222E-05   1.23226E-06   3.54610E-04   1.12569E-04   2.35978E-05   2.96481E-05   3.82004E-06   4.13726E-04   1.24517E-04   2.03223E-05   1.51408E-03   5.53745E-05   2.26222E-04   3.39479E-02   1.02445E-01   3.60181E-01   3.60181E-01   1.02445E-01   3.39479E-02   2.26223E-04   5.53743E-05   1.51408E-03   2.03223E-05   1.24517E-04   4.13726E-04   3.82005E-06   2.96481E-05   2.35979E-05   1.12569E-04   3.54610E-04   1.23226E-06   2.15221E-05   3.00905E-05   4.62751E-08   6.39549E-05   2.44324E-05   2.30667E-05   1.28776E-04   1.19733E-05   2.42223E-04
  4.73983E-04   4.72308E-06   1.50839E-04   4.61034E-05   1.13348E-05   7.39298E-05   2.28991E-06   2.59238E-05   1.40301E-04   8.31832E-07   1.84580E-04   7.67203E-05   3.88808E-05   2.60994E-05   1.71626E-05   1.16298E-04   1.62754E-04   1.74786E-05   1.24849E-03   4.24492E-05   2.41622E-04   3.04465E-02   1.07338E-01   3.59113E-01   3.59113E-01   1.07338E-01   3.04464E-02   2.41623E-04   4.24492E-05   1.24849E-03   1.74786E-05   1.62754E-04   1.16298E-04   1.71626E-05   2.60994E-05   3.88808E-05   7.67203E-05   1.84580E-04   8.31830E-07   1.40301E-04   2.59239E-05   2.28991E-06   7.39298E-05   1.13348E-05   4.61034E-05   1.50839E-04   4.72307E-06   4.73983E-04
  2.82573E-04   2.35771E-05   8.76609E-05   8.38284E-06   1.74414E-05   8.51984E-05   2.89703E-06   2.86633E-06   3.28834E-04   1.90069E-05   7.51320E-05   2.40661E-05   1.07169E-05   2.55285E-05   2.91277E-05   2.82687E-04   2.64723E-04   3.98697E-05   9.97541E-04   6.51702E-05   2.82165E-04   2.70958E-02   1.10940E-01   3.59009E-01   3.59010E-01   1.10940E-01   2.70958E-02   2.82165E-04   6.51701E-05   9.97542E-04   3.98697E-05   2.64722E-04   2.82687E-04   2.91277E-05   2.55285E-05   1.07168E-05   2.40660E-05   7.51319E-05   1.90069E-05   3.28834E-04   2.86635E-06   2.89702E-06   8.51984E-05   1.74414E-05   8.38284E-06   8.76608E-05   2.35771E-05   2.82573E-04
  2.18609E-06   6.70685E-06   2.35543E-05   1.96724E-06   2.33483E-05   9.84819E-05   4.14050E-06   2.10141E-05   2.54861E-04   5.85567E-06   2.51737E-05   1.06648E-05   3.07608E-07   2.67859E-05   2.44235E-05   3.56029E-04   3.56119E-04   5.00542E-05   8.09792E-04   1.19061E-04   3.22134E-04   2.40311E-02   1.13680E-01   3.59746E-01   3.59746E-01   1.13680E-01   2.40311E-02   3.22133E-04   1.19061E-04   8.09793E-04   5.00542E-05   3.56120E-04   3.56028E-04   2.44235E-05   2.67859E-05   3.07609E-07   1.06648E-05   2.51737E-05   5.85567E-06   2.54861E-04   2.10142E-05   4.14050E-06   9.84819E-05   2.33483E-05   1.96723E-06   2.35543E-05   6.70689E-06   2.18610E-06
  1.21055E-05   3.59095E-06   2.90003E-05   3.18338E-06   9.51428E-06   1.02733E-04   1.24837E-05   1.32213E-04   6.30530E-05   6.76182E-06   6.53247E-06   5.39446E-05   2.41334E-05   2.74637E-05   1.19883E-05   1.51076E-04   3.73387E-04   1.71655E-05   6.88276E-04   1.83139E-04   2.84963E-04   2.13530E-02   1.15855E-01   3.60595E-01   3.60595E-01   1.15855E-01   2.13530E-02   2.84963E-04   1.83139E-04   6.88276E-04   1.71655E-05   3.73388E-04   1.51076E-04   1.19883E-05   2.74638E-05   2.41334E-05   5.39447E-05   6.53249E-06   6.76182E-06   6.30530E-05   1.32213E-04   1.24837E-05   1.02733E-04   9.51426E-06   3.18337E-06   2.90004E-05   3.59096E-06   1.21056E-05
  1.39470E-04   5.67805E-06   6.54119E-05   8.92335E-06   9.21361E-06   1.02863E-04   1.05925E-05   1.57192E-04   1.54879E-05   3.41269E-06   6.88638E-06   9.79930E-05   8.66507E-05   2.69559E-05   4.87566E-06   2.39741E-05   3.27335E-04   1.05764E-05   6.32287E-04   2.32498E-04   1.67440E-04   1.91022E-02   1.17765E-01   3.60997E-01   3.60997E-01   1.17765E-01   1.91022E-02   1.67440E-04   2.32498E-04   6.32288E-04   1.05764E-05   3.27335E-04   2.39741E-05   4.87567E-06   2.69559E-05   8.66508E-05   9.79931E-05   6.88643E-06   3.41267E-06   1.54879E-05   1.57192E-04   1.05925E-05   1.02863E-04   9.21363E-06   8.92333E-06   6.54121E-05   5.67802E-06   1.39470E-04
  2.43766E-04   1.32390E-06   6.38456E-05   4.06030E-05   1.22325E-06   9.63811E-05   3.31262E-07   4.36995E-05   4.99351E-05   2.54885E-07   3.56976E-05   5.98812E-05   6.71048E-05   2.67538E-05   1.34183E-06   4.75167E-06   2.70223E-04   5.25568E-05   6.34603E-04   2.50828E-04   7.43555E-05   1.72579E-02   1.19780E-01   3.60943E-01   3.60943E-01   1.19780E-01   1.72579E-02   7.43557E-05   2.50828E-04   6.34603E-04   5.25568E-05   2.70223E-04   4.75173E-06   1.34183E-06   2.67538E-05   6.71049E-05   5.98812E-05   3.56977E-05   2.54884E-07   4.99352E-05   4.36994E-05   3.31267E-07   9.63811E-05   1.22326E-06   4.06031E-05   6.38457E-05   1.32390E-06   2.43767E-04
  9.59834E-05   1.58164E-06   2.65955E-05   3.02804E-06   1.67387E-05   8.82765E-05   4.89365E-07   8.94922E-06   6.87166E-05   2.05077E-06   8.83238E-05   6.81751E-05   5.07615E-05   2.50671E-05   5.43176E-06   1.75011E-05   2.32191E-04   6.44883E-05   6.50742E-04   2.40102E-04   8.92120E-05   1.57727E-02   1.22091E-01   3.60292E-01   3.60292E-01   1.22091E-01   1.57727E-02   8.92119E-05   2.40102E-04   6.50743E-04   6.44882E-05   2.32191E-04   1.75011E-05   5.43176E-06   2.50671E-05   5.07616E-05   6.81751E-05   8.83241E-05   2.05077E-06   6.87165E-05   8.94922E-06   4.89365E-07   8.82766E-05   1.67386E-05   3.02805E-06   2.65954E-05   1.58165E-06   9.59832E-05
  1.15994E-03   7.67510E-06   2.15706E-06   1.47776E-05   5.64430E-05   8.59881E-05   1.00533E-05   1.72464E-05   7.09788E-05   1.68202E-06   1.18038E-04   8.47402E-05   7.17124E-05   2.25281E-05   1.01578E-05   5.20970E-05   2.15021E-04   2.59677E-05   6.39819E-04   2.17066E-04   1.65881E-04   1.46038E-02   1.24405E-01   3.57941E-01   3.57941E-01   1.24405E-01   1.46038E-02   1.65881E-04   2.17066E-04   6.39819E-04   2.59677E-05   2.15021E-04   5.20972E-05   1.01578E-05   2.25281E-05   7.17125E-05   8.47402E-05   1.18038E-04   1.68202E-06   7.09788E-05   1.72463E-05   1.00533E-05   8.59882E-05   5.64430E-05   1.47775E-05   2.15705E-06   7.67508E-06   1.15994E-03
  4.93364E-04   1.11967E-05   1.88614E-06   1.49774E-05   8.30592E-05   8.62659E-05   5.71663E-06   1.35269E-05   5.94726E-05   3.37399E-06   1.02175E-04   2.77624E-05   2.83260E-05   2.09780E-05   3.99403E-06   2.85967E-05   2.03661E-04   6.56492E-07   6.07697E-04   1.99762E-04   2.07371E-04   1.38625E-02   1.27551E-01   3.56383E-01   3.56383E-01   1.27551E-01   1.38625E-02   2.07371E-04   1.99762E-04   6.07697E-04   6.56488E-07   2.03660E-04   2.85969E-05   3.99403E-06   2.09780E-05   2.83260E-05   2.77624E-05   1.02175E-04   3.37399E-06   5.94727E-05   1.35268E-05   5.71662E-06   8.62659E-05   8.30591E-05   1.49774E-05   1.88614E-06   1.11967E-05   4.93363E-04
  2.03326E-05   3.26903E-05   6.10449E-06   1.68231E-05   1.79416E-05   9.77833E-05   6.39624E-06   1.03659E-06   3.09148E-05   1.64227E-06   7.64316E-05   4.61807E-06   5.57253E-07   2.01666E-05   1.73500E-06   1.40827E-05   1.76211E-04   6.52741E-06   5.61574E-04   1.88473E-04   2.13023E-04   1.34296E-02   1.30916E-01   3.54159E-01   3.54159E-01   1.30916E-01   1.34295E-02   2.13023E-04   1.88473E-04   5.61574E-04   6.52741E-06   1.76211E-04   1.40828E-05   1.73501E-06   2.01665E-05   5.57259E-07   4.61804E-06   7.64316E-05   1.64226E-06   3.09148E-05   1.03659E-06   6.39625E-06   9.77834E-05   1.79415E-05   1.68231E-05   6.10450E-06   3.26903E-05   2.03327E-05
  1.42272E-04   5.33123E-06   2.90962E-06   2.52939E-06   1.90543E-06   1.23805E-04   6.38802E-07   1.23013E-05   6.25712E-06   1.52134E-06   8.78276E-05   7.79512E-06   5.27100E-07   1.87208E-05   7.92121E-06   4.02978E-05   1.23671E-04   1.43345E-05   4.98197E-04   1.70193E-04   2.75687E-04   1.31814E-02   1.34240E-01   3.51034E-01   3.51034E-01   1.34240E-01   1.31814E-02   2.75687E-04   1.70193E-04   4.98197E-04   1.43345E-05   1.23671E-04   4.02977E-05   7.92122E-06   1.87208E-05   5.27104E-07   7.79506E-06   8.78277E-05   1.52135E-06   6.25712E-06   1.23013E-05   6.38806E-07   1.23805E-04   1.90541E-06   2.52938E-06   2.90962E-06   5.33121E-06   1.42272E-04
  1.20557E-04   6.09575E-06   1.39489E-06   3.98846E-06   8.40289E-07   1.44688E-04   9.46040E-06   1.33266E-04   3.15468E-06   4.92954E-07   1.46439E-04   1.40943E-05   8.57476E-06   1.70093E-05   1.82383E-05   5.97101E-06   6.62490E-05   9.77156E-06   4.18685E-04   1.35693E-04   4.23419E-04   1.30533E-02   1.37576E-01   3.47683E-01   3.47683E-01   1.37575E-01   1.30533E-02   4.23419E-04   1.35692E-04   4.18685E-04   9.77156E-06   6.62490E-05   5.97097E-06   1.82383E-05   1.70093E-05   8.57477E-06   1.40942E-05   1.46439E-04   4.92955E-07   3.15468E-06   1.33266E-04   9.46038E-06   1.44688E-04   8.40292E-07   3.98847E-06   1.39490E-06   6.09575E-06   1.20557E-04
  7.60277E-05   6.39591E-06   1.78583E-06   1.73391E-06   7.55225E-06   1.57872E-04   1.63102E-06   1.57617E-04   1.09394E-05   1.78729E-06   2.01574E-04   1.84449E-05   1.53575E-05   1.57142E-05   1.14129E-05   9.20125E-05   3.33143E-05   1.65976E-06   3.36888E-04   9.36521E-05   5.41892E-04   1.30344E-02   1.40826E-01   3.44355E-01   3.44355E-01   1.40826E-01   1.30344E-02   5.41893E-04   9.36522E-05   3.36889E-04   1.65976E-06   3.33143E-05   9.20125E-05   1.14129E-05   1.57142E-05   1.53576E-05   1.84449E-05   2.01574E-04   1.78729E-06   1.09395E-05   1.57617E-04   1.63102E-06   1.57872E-04   7.55224E-06   1.73390E-06   1.78583E-06   6.39595E-06   7.60277E-05
  1.85474E-05   1.70339E-06   1.03381E-06   1.28044E-06   1.64628E-06   1.58160E-04   4.35390E-07   1.22089E-05   3.21025E-05   1.62029E-06   2.05953E-04   6.77614E-07   4.21540E-06   1.55980E-05   5.73912E-06   4.38158E-04   2.47088E-05   1.10663E-06   2.69056E-04   6.47804E-05   5.05279E-04   1.31242E-02   1.43891E-01   3.41221E-01   3.41221E-01   1.43891E-01   1.31241E-02   5.05278E-04   6.47805E-05   2.69056E-04   1.10663E-06   2.47088E-05   4.38158E-04   5.73912E-06   1.55980E-05   4.21540E-06   6.77617E-07   2.05953E-04   1.62029E-06   3.21024E-05   1.22090E-05   4.35390E-07   1.58161E-04   1.64628E-06   1.28044E-06   1.03380E-06   1.70340E-06   1.85473E-05
  6.32523E-06   3.08783E-05   2.94208E-06   3.01692E-06   6.67631E-06   1.40061E-04   2.53906E-06   3.19545E-05   4.84321E-05   2.80669E-06   1.52359E-04   8.60053E-06   3.00401E-07   1.41593E-05   2.68795E-06   6.53438E-04   2.16217E-05   8.88298E-06   2.21030E-04   6.01456E-05   3.41146E-04   1.32549E-02   1.46665E-01   3.38320E-01   3.38320E-01   1.46665E-01   1.32549E-02   3.41146E-04   6.01456E-05   2.21030E-04   8.88299E-06   2.16217E-05   6.53439E-04   2.68796E-06   1.41593E-05   3.00401E-07   8.60053E-06   1.52359E-04   2.80669E-06   4.84320E-05   3.19545E-05   2.53906E-06   1.40061E-04   6.67632E-06   3.01692E-06   2.94207E-06   3.08783E-05   6.32530E-06
  9.61349E-07   9.13099E-06   1.20363E-05   1.31143E-05   1.12823E-05   1.14386E-04   4.29965E-07   5.44003E-05   3.21195E-05   3.32639E-07   8.14079E-05   5.62946E-06   3.18706E-07   1.28190E-05   2.01120E-06   4.38916E-04   1.25857E-05   1.30319E-05   1.90880E-04   6.98304E-05   2.05043E-04   1.33331E-02   1.49287E-01   3.36099E-01   3.36099E-01   1.49287E-01   1.33331E-02   2.05043E-04   6.98304E-05   1.90880E-04   1.30319E-05   1.25857E-05   4.38916E-04   2.01120E-06   1.28190E-05   3.18702E-07   5.62947E-06   8.14079E-05   3.32640E-07   3.21195E-05   5.44003E-05   4.29962E-07   1.14386E-04   1.12823E-05   1.31143E-05   1.20363E-05   9.13101E-06   9.61373E-07
  2.54089E-05   2.31047E-06   2.50398E-05   1.95043E-05   4.54891E-07   8.62934E-05   5.98810E-07   2.91396E-05   1.02018E-05   1.06635E-06   3.55428E-05   1.28347E-05   9.02107E-08   1.06833E-05   3.92915E-07   1.09700E-04   9.51118E-06   9.27561E-06   1.74639E-04   7.51004E-05   1.94716E-04   1.32851E-02   1.51627E-01   3.34255E-01   3.34255E-01   1.51627E-01   1.32851E-02   1.94716E-04   7.51003E-05   1.74639E-04   9.27559E-06   9.51116E-06   1.09700E-04   3.92912E-07   1.06833E-05   9.02091E-08   1.28347E-05   3.55428E-05   1.06635E-06   1.02018E-05   2.91396E-05   5.98811E-07   8.62933E-05   4.54890E-07   1.95042E-05   2.50398E-05   2.31046E-06   2.54091E-05
  2.92602E-04   7.21173E-06   2.90839E-05   2.83925E-06   1.16690E-06   6.93052E-05   8.06939E-07   1.57884E-06   2.96854E-06   2.98950E-07   2.85003E-05   2.04005E-05   1.22775E-07   9.56950E-06   2.09309E-06   7.33833E-06   2.64192E-05   4.78464E-06   1.67464E-04   7.03727E-05   2.45917E-04   1.31166E-02   1.53521E-01   3.32371E-01   3.32371E-01   1.53521E-01   1.31166E-02   2.45917E-04   7.03728E-05   1.67464E-04   4.78463E-06   2.64192E-05   7.33832E-06   2.09310E-06   9.56952E-06   1.22774E-07   2.04005E-05   2.85003E-05   2.98950E-07   2.96853E-06   1.57884E-06   8.06939E-07   6.93053E-05   1.16691E-06   2.83925E-06   2.90839E-05   7.21170E-06   2.92602E-04
  5.32749E-04   3.37841E-05   2.06683E-05   1.89478E-07   1.82570E-06   6.36711E-05   7.67895E-07   2.52447E-05   2.70859E-06   2.21648E-06   4.95247E-05   1.66195E-05   9.86077E-08   9.20314E-06   2.63926E-06   8.27067E-05   5.91591E-05   2.31747E-06   1.64971E-04   6.88006E-05   2.30170E-04   1.28776E-02   1.55103E-01   3.30649E-01   3.30649E-01   1.55103E-01   1.28776E-02   2.30170E-04   6.88007E-05   1.64971E-04   2.31746E-06   5.91592E-05   8.27066E-05   2.63926E-06   9.20315E-06   9.86104E-08   1.66195E-05   4.95247E-05   2.21648E-06   2.70857E-06   2.52448E-05   7.67894E-07   6.36712E-05   1.82570E-06   1.89478E-07   2.06682E-05   3.37841E-05   5.32749E-04
  3.82500E-06   9.81710E-06   8.37588E-06   4.55687E-07   5.66368E-06   6.77178E-05   2.92741E-06   3.28904E-05   5.96554E-06   2.62109E-06   7.80735E-05   1.46912E-05   2.02001E-06   9.11676E-06   4.95615E-06   1.32968E-04   8.78922E-05   2.14996E-06   1.64207E-04   8.55327E-05   1.19150E-04   1.25855E-02   1.56774E-01   3.29800E-01   3.29800E-01   1.56774E-01   1.25855E-02   1.19149E-04   8.55326E-05   1.64207E-04   2.14996E-06   8.78923E-05   1.32968E-04   4.95616E-06   9.11677E-06   2.02001E-06   1.46912E-05   7.80736E-05   2.62109E-06   5.96556E-06   3.28905E-05   2.92740E-06   6.77179E-05   5.66367E-06   4.55684E-07   8.37586E-06   9.81711E-06   3.82501E-06
  1.58015E-04   2.41661E-06   2.12659E-06   1.46923E-06   9.85163E-06   7.73117E-05   1.49075E-06   1.55727E-05   2.23186E-06   5.88543E-07   9.43488E-05   1.23718E-05   5.30780E-06   9.07811E-06   1.16660E-05   8.38500E-05   9.06917E-05   4.51679E-06   1.61803E-04   1.17654E-04   1.36404E-05   1.21601E-02   1.58142E-01   3.28822E-01   3.28822E-01   1.58142E-01   1.21601E-02   1.36403E-05   1.17654E-04   1.61803E-04   4.51679E-06   9.06918E-05   8.38502E-05   1.16661E-05   9.07812E-06   5.30778E-06   1.23718E-05   9.43488E-05   5.88544E-07   2.23188E-06   1.55727E-05   1.49075E-06   7.73118E-05   9.85164E-06   1.46924E-06   2.12659E-06   2.41661E-06   1.58014E-04
  9.16283E-05   1.44958E-06   4.45284E-06   1.61591E-06   2.41688E-06   8.19534E-05   1.38943E-06   6.03986E-06   6.06119E-07   5.00841E-07   8.76962E-05   2.01452E-05   6.18587E-06   8.84246E-06   7.45801E-06   2.34740E-05   6.92294E-05   5.09811E-06   1.55871E-04   1.44210E-04   1.97875E-05   1.16213E-02   1.59490E-01   3.28148E-01   3.28148E-01   1.59490E-01   1.16213E-02   1.97876E-05   1.44210E-04   1.55871E-04   5.09811E-06   6.92295E-05   2.34740E-05   7.45802E-06   8.84247E-06   6.18585E-06   2.01452E-05   8.76963E-05   5.00840E-07   6.06116E-07   6.03988E-06   1.38942E-06   8.19535E-05   2.41687E-06   1.61591E-06   4.45284E-06   1.44957E-06   9.16278E-05
  3.66665E-04   9.32252E-07   1.09894E-05   1.21897E-06   2.55324E-06   7.83044E-05   4.42439E-08   5.02778E-06   5.75134E-07   2.38823E-10   5.05002E-05   9.05199E-06   2.19428E-06   8.95233E-06   4.89618E-06   1.16090E-05   4.63804E-05   2.62849E-06   1.45166E-04   1.45350E-04   1.23898E-04   1.10239E-02   1.60644E-01   3.27315E-01   3.27315E-01   1.60644E-01   1.10239E-02   1.23898E-04   1.45350E-04   1.45166E-04   2.62850E-06   4.63804E-05   1.16091E-05   4.89618E-06   8.95233E-06   2.19427E-06   9.05200E-06   5.05003E-05   2.38836E-10   5.75126E-07   5.02778E-06   4.42434E-08   7.83045E-05   2.55323E-06   1.21896E-06   1.09894E-05   9.32249E-07   3.66664E-04
  3.53959E-04   6.82296E-08   1.86900E-05   3.90813E-07   9.90356E-06   6.68431E-05   1.86355E-06   7.57615E-06   6.36710E-06   2.77857E-07   1.23762E-05   6.50657E-08   2.53793E-06   9.19167E-06   6.07496E-06   1.21763E-05   4.20403E-05   1.09799E-06   1.30341E-04   1.21608E-04   2.12146E-04   1.04610E-02   1.61812E-01   3.26711E-01   3.26711E-01   1.61812E-01   1.04610E-02   2.12147E-04   1.21608E-04   1.30341E-04   1.09799E-06   4.20403E-05   1.21763E-05   6.07496E-06   9.19167E-06   2.53794E-06   6.50649E-08   1.23762E-05   2.77857E-07   6.36711E-06   7.57615E-06   1.86356E-06   6.68432E-05   9.90358E-06   3.90812E-07   1.86900E-05   6.82288E-08   3.53959E-04
  1.06368E-05   2.44196E-06   2.47144E-05   1.44936E-06   7.17720E-06   5.15627E-05   1.88967E-07   1.13760E-05   3.15494E-05   3.32909E-07   1.71307E-06   9.41782E-07   1.09703E-05   9.29900E-06   3.44375E-06   3.21966E-06   5.97306E-05   8.24645E-07   1.13505E-04   9.15086E-05   2.03669E-04   9.95968E-03   1.63023E-01   3.26377E-01   3.26376E-01   1.63023E-01   9.95968E-03   2.03670E-04   9.15086E-05   1.13505E-04   8.24648E-07   5.97306E-05   3.21965E-06   3.44374E-06   9.29900E-06   1.09704E-05   9.41782E-07   1.71307E-06   3.32909E-07   3.15494E-05   1.13760E-05   1.88967E-07   5.15627E-05   7.17721E-06   1.44937E-06   2.47145E-05   2.44194E-06   1.06368E-05
  2.28030E-05   1.42180E-05   2.80509E-05   2.51880E-06   1.93378E-07   3.66679E-05   1.10064E-07   1.43060E-05   3.35812E-05   9.58644E-08   2.49433E-05   9.72681E-07   6.32093E-06   9.49588E-06   1.45003E-06   9.95627E-07   8.61911E-05   1.30605E-06   9.74867E-05   7.41060E-05   1.43364E-04   9.49124E-03   1.64054E-01   3.25856E-01   3.25856E-01   1.64054E-01   9.49124E-03   1.43364E-04   7.41059E-05   9.74865E-05   1.30605E-06   8.61910E-05   9.95637E-07   1.45003E-06   9.49588E-06   6.32093E-06   9.72680E-07   2.49432E-05   9.58642E-08   3.35812E-05   1.43061E-05   1.10064E-07   3.66680E-05   1.93378E-07   2.51880E-06   2.80509E-05   1.42181E-05   2.28029E-05
  4.18642E-05   5.00102E-06   2.53150E-05   3.10321E-06   4.42142E-07   2.38482E-05   8.99135E-07   1.41356E-05   8.23115E-06   5.63735E-08   5.54115E-05   3.42901E-06   8.50260E-07   9.66813E-06   4.86075E-08   6.07344E-06   1.01435E-04   3.62610E-06   8.59031E-05   7.37608E-05   1.55623E-04   9.06093E-03   1.64988E-01   3.25333E-01   3.25332E-01   1.64988E-01   9.06095E-03   1.55623E-04   7.37608E-05   8.59029E-05   3.62610E-06   1.01435E-04   6.07346E-06   4.86088E-08   9.66812E-06   8.50254E-07   3.42901E-06   5.54114E-05   5.63737E-08   8.23116E-06   1.41356E-05   8.99133E-07   2.38482E-05   4.42143E-07   3.10321E-06   2.53150E-05   5.00102E-06   4.18643E-05
  7.82104E-05   1.26612E-05   1.58367E-05   2.75572E-06   1.24973E-06   1.50949E-05   2.14317E-06   1.49070E-05   9.43172E-07   5.25351E-07   5.96946E-05   8.50483E-06   1.61563E-06   9.45649E-06   9.96437E-07   1.57792E-05   9.28239E-05   4.64156E-06   8.04880E-05   7.93563E-05   3.08335E-04   8.70487E-03   1.65760E-01   3.24729E-01   3.24729E-01   1.65760E-01   8.70487E-03   3.08336E-04   7.93563E-05   8.04879E-05   4.64156E-06   9.28239E-05   1.57792E-05   9.96439E-07   9.45649E-06   1.61563E-06   8.50484E-06   5.96945E-05   5.25353E-07   9.43177E-07   1.49070E-05   2.14317E-06   1.50949E-05   1.24972E-06   2.75571E-06   1.58367E-05   1.26612E-05   7.82104E-05
  2.43303E-04   1.29493E-05   7.22575E-06   1.46910E-06   6.85534E-07   1.19617E-05   6.07878E-07   5.49169E-06   3.20873E-06   2.21923E-06   4.16579E-05   1.28606E-05   6.12017E-06   9.02887E-06   3.45205E-07   1.86942E-05   6.39045E-05   2.88369E-06   7.99627E-05   7.67388E-05   5.31889E-04   8.47118E-03   1.66331E-01   3.24064E-01   3.24064E-01   1.66331E-01   8.47118E-03   5.31890E-04   7.67388E-05   7.99627E-05   2.88369E-06   6.39044E-05   1.86942E-05   3.45207E-07   9.02887E-06   6.12017E-06   1.28607E-05   4.16578E-05   2.21923E-06   3.20874E-06   5.49168E-06   6.07876E-07   1.19617E-05   6.85534E-07   1.46910E-06   7.22574E-06   1.29493E-05   2.43303E-04
  1.30173E-04   2.61353E-05   1.80141E-06   1.91320E-06   3.37707E-07   1.19719E-05   7.04258E-08   8.33409E-07   4.61952E-07   5.46469E-07   1.81349E-05   6.31242E-06   2.40757E-06   8.88826E-06   7.84362E-07   3.76501E-06   2.99134E-05   2.45743E-06   8.28933E-05   6.12068E-05   6.77049E-04   8.38826E-03   1.66838E-01   3.23705E-01   3.23705E-01   1.66839E-01   8.38826E-03   6.77050E-04   6.12068E-05   8.28933E-05   2.45743E-06   2.99134E-05   3.76503E-06   7.84358E-07   8.88825E-06   2.40757E-06   6.31242E-06   1.81348E-05   5.46468E-07   4.61953E-07   8.33407E-07   7.04262E-08   1.19719E-05   3.37705E-07   1.91320E-06   1.80141E-06   2.61353E-05   1.30173E-04
  1.73136E-04   1.40418E-05   3.20977E-07   2.55291E-06   4.75146E-07   1.42500E-05   1.38261E-07   1.22106E-07   2.53485E-06   3.26126E-07   4.58280E-06   3.42473E-07   2.72190E-06   8.53491E-06   2.12715E-06   1.09887E-05   8.09258E-06   3.30747E-06   8.72174E-05   4.00048E-05   6.50054E-04   8.43794E-03   1.67130E-01   3.23406E-01   3.23406E-01   1.67130E-01   8.43795E-03   6.50054E-04   4.00049E-05   8.72174E-05   3.30747E-06   8.09260E-06   1.09886E-05   2.12715E-06   8.53490E-06   2.72189E-06   3.42473E-07   4.58279E-06   3.26126E-07   2.53485E-06   1.22107E-07   1.38262E-07   1.42500E-05   4.75148E-07   2.55290E-06   3.20974E-07   1.40418E-05   1.73135E-04
  4.11533E-04   8.34081E-06   4.07592E-07   1.95978E-07   8.81695E-07   1.66955E-05   1.14866E-07   4.17302E-07   2.21492E-06   2.83014E-07   1.14567E-06   1.63123E-06   1.06833E-06   8.12431E-06   1.21638E-06   5.55114E-05   6.70444E-06   2.54172E-06   8.96363E-05   2.46287E-05   4.95142E-04   8.60073E-03   1.67173E-01   3.23098E-01   3.23098E-01   1.67173E-01   8.60074E-03   4.95141E-04   2.46286E-05   8.96363E-05   2.54172E-06   6.70443E-06   5.55113E-05   1.21638E-06   8.12431E-06   1.06833E-06   1.63123E-06   1.14566E-06   2.83015E-07   2.21491E-06   4.17307E-07   1.14866E-07   1.66955E-05   8.81693E-07   1.95980E-07   4.07589E-07   8.34081E-06   4.11533E-04
  7.32995E-04   1.57807E-05   6.54233E-07   6.99175E-08   7.00214E-07   1.84620E-05   3.20851E-07   1.62766E-07   1.46309E-06   9.94474E-08   3.77868E-07   5.32743E-06   4.60456E-07   7.32141E-06   3.38743E-07   7.62822E-05   1.96465E-05   2.21869E-06   8.89298E-05   2.07055E-05   3.47400E-04   8.86922E-03   1.66993E-01   3.22798E-01   3.22798E-01   1.66993E-01   8.86922E-03   3.47400E-04   2.07056E-05   8.89298E-05   2.21869E-06   1.96464E-05   7.62823E-05   3.38743E-07   7.32142E-06   4.60457E-07   5.32743E-06   3.77865E-07   9.94477E-08   1.46309E-06   1.62766E-07   3.20852E-07   1.84620E-05   7.00215E-07   6.99177E-08   6.54230E-07   1.57807E-05   7.32996E-04
  2.61347E-04   1.02420E-05   1.73927E-06   2.78290E-08   5.59228E-06   1.89124E-05   2.08063E-06   2.79070E-06   6.78842E-06   1.12202E-06   1.10414E-06   7.86775E-06   1.17970E-06   6.82943E-06   3.91587E-07   5.43197E-05   3.17974E-05   3.97638E-06   8.58175E-05   2.45587E-05   3.10231E-04   9.25429E-03   1.66877E-01   3.23030E-01   3.23031E-01   1.66877E-01   9.25429E-03   3.10231E-04   2.45587E-05   8.58175E-05   3.97639E-06   3.17974E-05   5.43198E-05   3.91585E-07   6.82943E-06   1.17970E-06   7.86775E-06   1.10414E-06   1.12202E-06   6.78841E-06   2.79070E-06   2.08063E-06   1.89124E-05   5.59229E-06   2.78291E-08   1.73927E-06   1.02420E-05   2.61347E-04
  1.86887E-05   1.55735E-05   3.84907E-06   1.03100E-08   5.54546E-07   1.66512E-05   2.15174E-07   1.29247E-05   9.64097E-06   2.67626E-07   8.15673E-06   2.41922E-06   8.65720E-06   6.05016E-06   6.27184E-07   3.69386E-05   3.23208E-05   5.60815E-06   7.97331E-05   2.79911E-05   3.73033E-04   9.72604E-03   1.66484E-01   3.23130E-01   3.23130E-01   1.66485E-01   9.72605E-03   3.73033E-04   2.79911E-05   7.97331E-05   5.60816E-06   3.23207E-05   3.69386E-05   6.27185E-07   6.05016E-06   8.65721E-06   2.41923E-06   8.15672E-06   2.67626E-07   9.64097E-06   1.29247E-05   2.15175E-07   1.66512E-05   5.54547E-07   1.03102E-08   3.84907E-06   1.55735E-05   1.86887E-05
  2.03908E-06   1.47228E-05   6.70086E-06   2.30196E-06   5.64607E-07   1.27888E-05   4.51731E-07   7.89661E-06   6.75917E-06   5.67321E-08   2.20294E-05   7.33490E-07   9.00755E-06   5.47820E-06   2.09283E-08   3.41423E-05   2.22243E-05   5.66790E-06   7.11804E-05   2.62010E-05   4.38451E-04   1.02656E-02   1.65874E-01   3.23171E-01   3.23171E-01   1.65874E-01   1.02656E-02   4.38451E-04   2.62010E-05   7.11804E-05   5.66791E-06   2.22243E-05   3.41422E-05   2.09283E-08   5.47820E-06   9.00756E-06   7.33489E-07   2.20294E-05   5.67321E-08   6.75918E-06   7.89660E-06   4.51731E-07   1.27888E-05   5.64606E-07   2.30196E-06   6.70085E-06   1.47227E-05   2.03904E-06
  2.62106E-06   4.63999E-06   8.82583E-06   1.07972E-06   1.64847E-08   8.13694E-06   1.58219E-07   9.13635E-06   2.93684E-06   4.09600E-07   3.31735E-05   2.12264E-06   4.62517E-06   4.63842E-06   2.66386E-07   2.83274E-05   1.10041E-05   4.62105E-06   6.24688E-05   2.13306E-05   4.17950E-04   1.08589E-02   1.65175E-01   3.23338E-01   3.23338E-01   1.65175E-01   1.08589E-02   4.17949E-04   2.13306E-05   6.24688E-05   4.62105E-06   1.10040E-05   2.83274E-05   2.66385E-07   4.63842E-06   4.62518E-06   2.12264E-06   3.31735E-05   4.09600E-07   2.93684E-06   9.13638E-06   1.58220E-07   8.13693E-06   1.64844E-08   1.07972E-06   8.82583E-06   4.64002E-06   2.62113E-06
  6.05626E-06   1.17253E-05   8.42698E-06   6.85903E-07   4.75380E-07   4.35719E-06   3.13928E-07   1.77350E-05   1.09562E-06   2.48236E-08   3.47363E-05   5.08142E-06   3.11388E-06   4.06853E-06   3.78086E-07   2.34279E-05   6.54817E-06   4.33953E-06   5.54501E-05   1.95782E-05   3.09775E-04   1.14950E-02   1.64414E-01   3.23574E-01   3.23574E-01   1.64414E-01   1.14950E-02   3.09775E-04   1.95782E-05   5.54500E-05   4.33952E-06   6.54817E-06   2.34280E-05   3.78086E-07   4.06853E-06   3.11388E-06   5.08143E-06   3.47362E-05   2.48236E-08   1.09561E-06   1.77351E-05   3.13928E-07   4.35718E-06   4.75379E-07   6.85902E-07   8.42698E-06   1.17254E-05   6.05630E-06
  5.61204E-05   2.93406E-05   6.64812E-06   3.08227E-07   6.08551E-07   2.44750E-06   2.65805E-08   1.74784E-06   1.87615E-06   8.46457E-07   2.69372E-05   3.96085E-06   1.10301E-06   3.57552E-06   5.01778E-07   1.77911E-05   7.97511E-06   6.52295E-06   5.08658E-05   2.52501E-05   1.97594E-04   1.21703E-02   1.63599E-01   3.23789E-01   3.23789E-01   1.63599E-01   1.21703E-02   1.97594E-04   2.52501E-05   5.08658E-05   6.52297E-06   7.97513E-06   1.77912E-05   5.01777E-07   3.57552E-06   1.10301E-06   3.96085E-06   2.69372E-05   8.46456E-07   1.87615E-06   1.74785E-06   2.65805E-08   2.44749E-06   6.08550E-07   3.08225E-07   6.64813E-06   2.93406E-05   5.61203E-05
  9.01248E-05   8.26552E-06   5.48381E-06   1.02570E-06   5.95108E-07   2.65268E-06   1.63086E-07   9.38336E-06   2.53310E-06   5.59035E-08   1.72958E-05   1.81640E-07   4.56105E-07   3.08287E-06   4.14351E-07   9.23362E-06   1.04154E-05   8.57697E-06   4.84664E-05   3.73129E-05   1.76429E-04   1.28793E-02   1.62747E-01   3.23942E-01   3.23941E-01   1.62747E-01   1.28793E-02   1.76429E-04   3.73130E-05   4.84664E-05   8.57698E-06   1.04154E-05   9.23363E-06   4.14352E-07   3.08287E-06   4.56105E-07   1.81639E-07   1.72958E-05   5.59038E-08   2.53310E-06   9.38335E-06   1.63086E-07   2.65268E-06   5.95108E-07   1.02571E-06   5.48382E-06   8.26552E-06   9.01247E-05
  3.77318E-05   5.03281E-06   5.80134E-06   4.54771E-08   3.05457E-07   4.43946E-06   7.24698E-07   9.93382E-06   1.14238E-06   2.41427E-07   1.03661E-05   7.41244E-07   8.94303E-07   2.71072E-06   1.44160E-06   5.34710E-06   9.47505E-06   6.91687E-06   4.72592E-05   5.03845E-05   2.70945E-04   1.36023E-02   1.61879E-01   3.24046E-01   3.24046E-01   1.61879E-01   1.36023E-02   2.70945E-04   5.03845E-05   4.72592E-05   6.91687E-06   9.47507E-06   5.34709E-06   1.44161E-06   2.71072E-06   8.94298E-07   7.41244E-07   1.03661E-05   2.41427E-07   1.14238E-06   9.93382E-06   7.24698E-07   4.43947E-06   3.05457E-07   4.54769E-08   5.80135E-06   5.03282E-06   3.77319E-05
  4.40379E-05   2.02702E-06   6.14876E-06   7.40880E-07   1.37952E-07   7.13782E-06   1.57248E-07   2.11192E-06   1.28985E-06   9.30605E-08   6.65953E-06   9.61255E-07   9.90726E-07   2.38205E-06   8.45908E-07   2.80766E-06   4.57081E-06   3.85534E-06   4.63537E-05   5.83003E-05   4.16852E-04   1.43038E-02   1.60993E-01   3.24095E-01   3.24095E-01   1.60993E-01   1.43038E-02   4.16853E-04   5.83003E-05   4.63537E-05   3.85534E-06   4.57082E-06   2.80765E-06   8.45910E-07   2.38205E-06   9.90723E-07   9.61256E-07   6.65954E-06   9.30610E-08   1.28985E-06   2.11192E-06   1.57248E-07   7.13783E-06   1.37953E-07   7.40879E-07   6.14876E-06   2.02701E-06   4.40378E-05
  2.07608E-04   1.05687E-06   4.80510E-06   4.48971E-07   1.49600E-07   9.46064E-06   1.06556E-07   3.44080E-07   2.88183E-06   1.41027E-07   4.19693E-06   1.16076E-06   1.24158E-06   2.19067E-06   2.64067E-07   3.13098E-07   5.58149E-07   3.08217E-06   4.51373E-05   5.75854E-05   5.20301E-04   1.49522E-02   1.60087E-01   3.24098E-01   3.24098E-01   1.60087E-01   1.49522E-02   5.20301E-04   5.75854E-05   4.51372E-05   3.08217E-06   5.58148E-07   3.13101E-07   2.64067E-07   2.19067E-06   1.24158E-06   1.16076E-06   4.19693E-06   1.41027E-07   2.88183E-06   3.44081E-07   1.06556E-07   9.46067E-06   1.49600E-07   4.48970E-07   4.80511E-06   1.05687E-06   2.07609E-04
  3.76470E-05   1.41906E-06   2.51732E-06   6.73716E-08   1.18634E-06   1.03172E-05   1.22905E-07   3.55516E-07   3.04973E-06   2.94315E-07   3.00643E-06   5.19834E-07   5.26496E-07   2.04820E-06   4.26260E-07   5.07221E-06   2.94795E-06   3.48598E-06   4.31870E-05   4.92360E-05   5.38006E-04   1.55557E-02   1.59332E-01   3.24406E-01   3.24406E-01   1.59333E-01   1.55557E-02   5.38007E-04   4.92360E-05   4.31870E-05   3.48599E-06   2.94794E-06   5.07222E-06   4.26261E-07   2.04820E-06   5.26495E-07   5.19839E-07   3.00643E-06   2.94315E-07   3.04972E-06   3.55519E-07   1.22905E-07   1.03172E-05   1.18634E-06   6.73718E-08   2.51732E-06   1.41905E-06   3.76472E-05
  1.15656E-04   1.20410E-06   8.99311E-07   1.60520E-07   3.77387E-07   9.59666E-06   2.56768E-08   1.27731E-06   2.74377E-06   1.85074E-07   3.06100E-06   6.78467E-07   1.28931E-06   2.01681E-06   3.43449E-07   8.71307E-06   1.30803E-05   2.77529E-06   4.04065E-05   3.79358E-05   5.00137E-04   1.61098E-02   1.58531E-01   3.24616E-01   3.24617E-01   1.58531E-01   1.61098E-02   5.00137E-04   3.79358E-05   4.04065E-05   2.77529E-06   1.30803E-05   8.71307E-06   3.43449E-07   2.01681E-06   1.28931E-06   6.78469E-07   3.06100E-06   1.85074E-07   2.74377E-06   1.27731E-06   2.56770E-08   9.59667E-06   3.77388E-07   1.60520E-07   8.99311E-07   1.20409E-06   1.15656E-04
  1.70747E-04   3.71408E-07   1.76260E-07   2.45633E-07   9.97852E-07   7.50851E-06   2.24620E-07   2.02451E-06   1.50778E-06   9.47760E-08   4.77069E-06   9.66454E-07   5.03631E-07   1.96034E-06   3.01317E-07   3.56712E-06   2.58595E-05   1.16792E-06   3.74770E-05   2.94815E-05   4.67451E-04   1.66368E-02   1.57750E-01   3.24855E-01   3.24855E-01   1.57750E-01   1.66369E-02   4.67451E-04   2.94816E-05   3.74771E-05   1.16792E-06   2.58595E-05   3.56712E-06   3.01315E-07   1.96034E-06   5.03629E-07   9.66456E-07   4.77069E-06   9.47759E-08   1.50778E-06   2.02451E-06   2.24620E-07   7.50853E-06   9.97849E-07   2.45633E-07   1.76260E-07   3.71405E-07   1.70748E-04
  3.02643E-05   2.07261E-06   3.02133E-09   2.68732E-07   1.73665E-06   5.27247E-06   3.30839E-07   2.41189E-06   1.51360E-07   5.31945E-08   9.19070E-06   9.36928E-07   5.41137E-07   1.84426E-06   3.57962E-07   3.35619E-08   3.44245E-05   1.72310E-07   3.53764E-05   2.71255E-05   4.72610E-04   1.71390E-02   1.57037E-01   3.25199E-01   3.25199E-01   1.57037E-01   1.71390E-02   4.72610E-04   2.71254E-05   3.53764E-05   1.72311E-07   3.44244E-05   3.35620E-08   3.57963E-07   1.84426E-06   5.41138E-07   9.36926E-07   9.19070E-06   5.31946E-08   1.51360E-07   2.41190E-06   3.30839E-07   5.27248E-06   1.73665E-06   2.68730E-07   3.02140E-09   2.07259E-06   3.02646E-05
  2.66301E-05   1.09569E-06   1.16403E-07   1.50308E-07   2.29354E-07   2.90371E-06   2.17951E-07   1.38818E-06   8.34881E-08   1.10722E-08   1.51143E-05   1.57893E-06   1.02230E-06   1.86430E-06   4.57343E-07   2.25165E-06   3.52515E-05   8.47183E-07   3.41954E-05   2.96470E-05   5.08648E-04   1.75879E-02   1.56302E-01   3.25446E-01   3.25446E-01   1.56303E-01   1.75879E-02   5.08647E-04   2.96470E-05   3.41955E-05   8.47182E-07   3.52515E-05   2.25165E-06   4.57343E-07   1.86429E-06   1.02230E-06   1.57893E-06   1.51143E-05   1.10723E-08   8.34880E-08   1.38819E-06   2.17951E-07   2.90372E-06   2.29354E-07   1.50308E-07   1.16403E-07   1.09569E-06   2.66301E-05
  4.50578E-05   3.97101E-06   1.97359E-07   6.86435E-07   2.88757E-07   1.16616E-06   2.17060E-07   1.58451E-07   1.63840E-07   3.37553E-08   2.10937E-05   4.76023E-07   2.60901E-07   1.82259E-06   3.17427E-07   2.41372E-06   2.82787E-05   2.02359E-06   3.31127E-05   3.26589E-05   5.59682E-04   1.79719E-02   1.55606E-01   3.25688E-01   3.25688E-01   1.55606E-01   1.79719E-02   5.59681E-04   3.26589E-05   3.31128E-05   2.02359E-06   2.82787E-05   2.41372E-06   3.17426E-07   1.82259E-06   2.60900E-07   4.76021E-07   2.10937E-05   3.37554E-08   1.63840E-07   1.58452E-07   2.17059E-07   1.16617E-06   2.88758E-07   6.86436E-07   1.97359E-07   3.97100E-06   4.50581E-05
  5.98987E-05   3.36116E-07   8.57217E-08   1.00531E-08   3.33266E-07   3.28427E-07   9.69538E-08   5.53176E-08   1.10537E-07   5.97437E-08   2.36078E-05   3.76655E-08   3.19474E-07   1.67543E-06   1.72154E-07   1.46810E-06   1.73835E-05   1.95470E-06   3.16126E-05   3.21005E-05   6.21479E-04   1.82905E-02   1.54966E-01   3.25950E-01   3.25950E-01   1.54966E-01   1.82906E-02   6.21478E-04   3.21005E-05   3.16125E-05   1.95469E-06   1.73835E-05   1.46811E-06   1.72154E-07   1.67543E-06   3.19472E-07   3.76659E-08   2.36078E-05   5.97437E-08   1.10538E-07   5.53179E-08   9.69542E-08   3.28427E-07   3.33266E-07   1.00533E-08   8.57217E-08   3.36109E-07   5.98989E-05
